0.2957662 0.2204622 -0.0522785 -0.1370365 0.0943455 0.0574595 0.0944538 0.0556591 -0.1441826 0.0577442 -0.1569215 0.0681603 -0.0163482 0.1156546 0.0015871 0.0336018 0.0611225 0.0439857 -0.0526259 0.0081551
0.2997204 0.263083 -0.0525316 -0.1615399 0.0569844 0.0380263 0.0697472 0.021754 -0.0986362 0.0482603 -0.1711051 0.0452032 -0.0321284 0.1027214 -0.0306327 0.0221694 0.076025 0.0747272 -0.0535891 0.03167
0.2957858 0.2715071 -0.091162 -0.16821 0.0262878 0.0255618 0.0265558 -0.0049835 -0.0791868 0.0448858 -0.132166 0.0499942 -0.0782088 0.075747 -0.0483092 -0.0504278 0.0685051 0.127363 -0.0463836 0.0879432
0.184367 0.2087967 0.0256671 -0.0602751 0.0423746 0.0360964 -0.0073344 0.0484858 -0.072411 0.0715426 -0.2431454 -0.0048693 -0.1044181 0.0650576 0.0076615 0.0518276 0.0717804 0.0492446 -0.0198931 0.0157331
0.1615733 0.1266914 -0.0268602 0.0020432 0.1127843 0.0500269 0.0268182 0.03972 0.0217391 0.118961 -0.2869513 0.0147706 -0.088041 0.1048355 0.0279354 0.120735 0.1199615 0.0520081 -0.057431 0.0312569
0.1440855 0.0190348 -0.1526606 0.1378714 0.1068288 -0.0916914 0.0361552 0.0308934 -0.0443845 0.0835313 -0.2453375 0.0241266 -0.1127607 0.0945997 0.0205059 0.127833 0.1695502 0.0272879 -0.0107686 0.0038835
0.1655592 0.0689513 -0.2416982 0.053593 0.1094644 -0.1142859 0.0229016 -0.0646373 -0.0766056 0.0330589 -0.2104078 0.060803 -0.0725788 0.087981 0.0200856 0.0794197 0.1042333 0.0724633 -0.0581287 0.008696
0.1594164 0.0801992 -0.1823145 -0.0592999 0.1223839 -0.0535602 -0.04285 -0.051815 -0.0179405 -0.0139405 -0.1424436 0.0756286 -0.0194194 0.0834041 -0.0021081 0.0802481 0.0051731 0.1200776 -0.0751873 -0.0399335
0.2043655 0.1052319 -0.0642827 -0.1357896 0.0205454 -0.0123439 0.0229541 0.0314438 -0.0191566 -0.0192081 -0.1104606 0.104157 0.0260718 0.050852 -0.0249951 0.1035236 0.0311111 0.1037127 -0.0935607 -0.0473709
0.18556 0.0887623 -0.0383306 -0.1045905 -0.01867 0.018934 0.0761539 0.0269148 -0.0768743 0.0832756 -0.1101601 0.0659355 -0.0758746 0.068512 -0.0313325 0.0804015 0.0826727 0.0399329 -0.08937 -0.032325
0.1005084 -0.0019631 -0.0161751 -0.0482446 0.0230026 -0.001333 0.0470367 -0.0267503 -0.1410504 0.0894973 -0.1916414 0.0405659 -0.0762126 0.0359008 -0.0418148 0.0338796 0.0979704 0.0622895 -0.0601989 0.0242532
0.1381528 -0.0183466 0.0055077 -0.262892 0.0381611 0.0510827 -0.0243128 -0.0939324 -0.188937 0.0003401 -0.2632362 0.0426723 -0.1220807 0.1231169 0.0210294 0.0510969 0.0718008 0.0227266 -0.1038862 -0.0088149
0.1381527 -0.0183467 0.0055077 -0.262892 0.0381612 0.0510828 -0.0243128 -0.0939324 -0.1889369 0.0003401 -0.2632361 0.0426724 -0.1220806 0.1231171 0.0210295 0.051097 0.0718008 0.0227269 -0.1038863 -0.0088149
0.180887 -0.0576248 0.0102046 -0.1975687 0.0601393 0.1285601 -0.0092154 0.0299174 0.0038058 0.2256962 -0.1890317 0.1126146 -0.0337662 0.005915 0.0038553 0.0822546 0.0925362 0.1023228 -0.066695 0.0062167
0.180887 -0.0576248 0.0102046 -0.1975687 0.0601393 0.1285601 -0.0092154 0.0299175 0.0038058 0.2256963 -0.1890317 0.1126146 -0.0337662 0.0059151 0.0038553 0.0822546 0.0925362 0.1023229 -0.066695 0.0062166
0.1005084 -0.0019632 -0.0161751 -0.0482446 0.0230026 -0.001333 0.0470368 -0.0267503 -0.1410504 0.0894973 -0.1916414 0.040566 -0.0762125 0.0359008 -0.0418149 0.0338796 0.0979704 0.0622894 -0.0601989 0.0242531
0.1484298 0.0403068 0.0068194 -0.0538009 0.0029024 -0.0220858 -0.0319475 -0.0542853 -0.02398 0.0705008 -0.160415 0.0410172 -0.1328739 0.0443435 -0.0931055 0.109129 0.0422997 0.0238523 -0.013397 0.0063985
0.1703193 0.1515087 0.026587 -0.0877825 0.0016174 -0.0675381 0.0734624 -0.0167076 -0.144222 0.1931258 -0.1560758 0.030009 -0.1068807 0.0899686 -0.0720219 0.1472173 0.065736 0.0702882 0.0219365 -0.0224026
0.0983247 0.10756 0.0670768 -0.0430643 0.0759295 0.0094494 0.0612066 0.0315229 -0.1777862 0.134644 -0.1701883 0.0400864 -0.0753073 0.1296035 -0.0530436 0.1762767 0.0700867 0.1205513 -0.1120892 -0.0133055
0.1055591 0.1507426 -0.0033425 0.0691346 0.0126301 0.0406278 0.0257552 0.068165 -0.0736194 0.0738239 -0.1988187 0.0168134 -0.0884133 0.0449135 -0.0230429 0.0571088 0.0498186 0.0555672 -0.1079301 -0.0101162
0.1055591 0.1507426 -0.0033425 0.0691346 0.0126301 0.0406278 0.0257552 0.068165 -0.0736193 0.0738238 -0.1988187 0.0168134 -0.0884133 0.0449135 -0.023043 0.0571088 0.0498186 0.0555672 -0.10793 -0.0101161
0.1055591 0.1507426 -0.0033425 0.0691346 0.0126301 0.0406278 0.0257552 0.0681649 -0.0736193 0.0738239 -0.1988187 0.0168135 -0.0884132 0.0449135 -0.0230429 0.0571088 0.0498185 0.0555671 -0.1079301 -0.0101161
0.0614557 0.1651526 0.0041789 0.0204915 0.118408 0.0893413 -0.0300021 0.0011724 -0.1566032 0.0175673 -0.1430911 0.0482404 -0.112927 0.0289415 -0.0284692 0.0776093 0.0645632 0.0449275 -0.0696515 0.0073087
0.0708225 0.1585663 -0.1798233 -0.0342397 0.0014781 0.0979046 -0.1007193 0.0547939 -0.1922835 0.1077103 -0.1297823 0.0756193 -0.0736335 0.050089 0.0087533 0.0970348 0.0872297 0.0532254 -0.0853966 -0.000776
0.0708226 0.1585663 -0.1798232 -0.0342397 0.0014781 0.0979047 -0.1007193 0.0547939 -0.1922835 0.1077103 -0.1297823 0.0756192 -0.0736335 0.0500891 0.0087533 0.0970348 0.0872297 0.0532253 -0.0853967 -0.0007761
0.0614557 0.1651526 0.0041788 0.0204914 0.1184081 0.0893414 -0.0300022 0.0011723 -0.1566032 0.0175674 -0.1430911 0.0482405 -0.112927 0.0289415 -0.0284691 0.0776093 0.0645631 0.0449275 -0.0696515 0.0073087
0.0614556 0.1651526 0.0041789 0.0204915 0.118408 0.0893413 -0.030002 0.0011724 -0.1566031 0.0175673 -0.1430911 0.0482405 -0.1129269 0.0289415 -0.0284691 0.0776093 0.0645632 0.0449276 -0.0696515 0.0073088
0.1055591 0.1507426 -0.0033425 0.0691346 0.01263 0.0406277 0.0257553 0.068165 -0.0736193 0.0738238 -0.1988187 0.0168134 -0.0884133 0.0449135 -0.023043 0.0571088 0.0498185 0.0555671 -0.10793 -0.0101161
0.1018268 0.1611882 -0.0286437 0.0270276 0.058369 0.0645413 -0.0085215 -0.0234861 -0.1069593 0.1956076 -0.1917986 0.1173393 -0.0784795 0.1072799 -0.0372096 0.024551 0.0782697 0.0706134 -0.0444703 -0.0104278
0.1018268 0.1611882 -0.0286437 0.0270275 0.058369 0.0645413 -0.0085216 -0.0234862 -0.1069593 0.1956076 -0.1917986 0.1173392 -0.0784795 0.1072799 -0.0372097 0.0245509 0.0782696 0.0706134 -0.0444705 -0.0104278
0.0769387 0.0448011 -0.0231975 0.0592254 -0.0040542 -0.0183541 0.0142328 -0.0287922 -0.080282 0.087291 -0.2688414 0.1862617 -0.0702018 0.1104524 -0.0042378 0.0054418 0.0608486 -0.0181576 -0.1295147 -0.0343058
0.0913826 0.1009978 -0.0001211 0.0020428 0.0425708 0.0314384 0.0695088 0.0150821 -0.1143391 0.08408 -0.210637 0.0604969 -0.0552335 0.051209 -0.0350187 -0.0054668 0.1033638 0.0221036 -0.0581036 -0.0130849
0.0692719 0.0851714 0.0229246 -0.0255891 0.1461488 0.0441479 0.0315019 -0.0081262 -0.1836545 0.0454119 -0.2381931 0.0177726 0.0067284 0.0423127 -0.0522399 0.0561519 0.0735383 0.1337068 -0.0321122 0.0045823
0.0983246 0.10756 0.0670768 -0.0430643 0.0759295 0.0094494 0.0612066 0.0315229 -0.1777862 0.1346441 -0.1701884 0.0400863 -0.0753074 0.1296035 -0.0530436 0.1762767 0.0700867 0.1205513 -0.1120892 -0.0133055
0.0934783 0.1920577 0.0053557 -0.0141587 0.1002197 -0.0920281 0.0802155 -0.0970286 -0.1289126 0.2239776 -0.1746198 0.1553369 -0.136486 0.0693256 0.003198 0.0578958 0.0532262 0.0787212 -0.1681525 0.0565306
0.1018268 0.1611882 -0.0286437 0.0270276 0.058369 0.0645413 -0.0085215 -0.0234861 -0.1069593 0.1956076 -0.1917986 0.1173393 -0.0784795 0.1072799 -0.0372096 0.0245509 0.0782696 0.0706134 -0.0444703 -0.0104278
0.1309548 0.0708756 -0.142047 -0.0683689 0.0529295 -0.0171851 0.0343201 0.03378 -0.1365956 0.2159133 -0.3070393 -0.0124141 -0.1034175 0.0090057 -0.0109479 0.0328295 -0.001632 0.1357131 -0.0882103 -0.0173407
0.1018268 0.1611881 -0.0286437 0.0270276 0.058369 0.0645413 -0.0085216 -0.0234862 -0.1069593 0.1956076 -0.1917986 0.1173393 -0.0784795 0.1072799 -0.0372096 0.0245509 0.0782696 0.0706134 -0.0444704 -0.0104278
0.33048 0.0998045 0.1886886 0.1429477 0.037553 -0.06805 0.0195424 -0.046886 -0.150514 -0.0090982 -0.1750888 0.1778386 -0.0686093 -0.0570384 0.075366 0.049643 0.088974 0.1302573 -0.072617 -0.0183774
0.3960528 -0.0033404 -0.0585318 0.2283634 0.0238593 0.1709008 0.0508979 -0.172158 -0.1379848 0.1605622 -0.100238 0.0102199 -0.0221841 0.0687323 0.0084818 0.1259367 -0.0082926 0.0114218 -0.0572401 0.0899473
0.4728188 -0.0373023 -0.0498626 0.1476452 0.0243772 0.1355187 -0.0044126 -0.0524641 -0.1542337 0.0971973 -0.2204811 -0.0492533 -0.1128347 0.1208014 -0.041668 0.0084914 0.1170085 0.1516419 -0.0743136 -0.1100661
0.342034 -0.0462102 -0.1235985 -0.0046248 0.1016062 0.124848 0.0927963 0.1889381 -0.1634137 0.002779 -0.3689563 0.232039 -0.1632587 0.0549362 -0.0908938 0.1157218 0.0344619 0.0234684 -0.0713731 0.0451382
0.3857122 0.2599463 -0.0402025 -0.0880275 0.0853744 -0.0512563 -0.0763211 -0.0666321 -0.1453727 0.1903785 -0.3290719 -0.016915 0.0353231 -0.013119 -0.1068974 0.0874721 0.1124195 -0.0628829 -0.1738884 -0.0085958
0.1968486 -0.0091619 -0.0097041 0.0336979 0.063612 -0.062696 -0.085298 0.0875029 -0.1178711 0.1161929 -0.1406838 0.0653689 0.016939 0.0913239 -0.0586705 0.0366429 0.084945 0.0839027 -0.0947647 0.0499304
0.1968486 -0.0091619 -0.0097042 0.0336978 0.0636119 -0.0626961 -0.0852979 0.0875029 -0.117871 0.1161929 -0.1406838 0.0653689 0.016939 0.0913238 -0.0586705 0.0366429 0.0849449 0.0839027 -0.0947648 0.0499303
0.2007134 0.0175978 0.0916377 -0.0090744 0.0336619 -0.039643 -0.0954609 0.0696768 -0.1298749 0.087867 -0.2485483 0.0658145 -0.0604262 0.1249931 -0.0155283 0.0470698 0.0162731 0.067677 -0.0344427 0.0112874
0.2007134 0.0175978 0.0916378 -0.0090743 0.0336618 -0.0396431 -0.0954609 0.0696768 -0.1298749 0.087867 -0.2485483 0.0658146 -0.0604262 0.124993 -0.0155284 0.0470697 0.0162731 0.0676771 -0.0344425 0.0112875
0.2751963 0.183535 -0.0026186 -0.0454619 -0.0567647 -0.0535529 -0.0001033 0.0872704 -0.1900856 0.149453 -0.1957056 0.0319004 -0.1668144 0.0978691 0.0337914 0.0977263 0.0988499 0.1271573 -0.1142818 0.0632862
0.228932 0.1951271 0.0331676 -0.0848805 0.0879746 -0.030193 0.0125261 0.010944 -0.1774207 0.2175243 -0.2412121 0.0925393 -0.0230379 0.0290656 0.0514375 0.0920029 0.0160737 -0.0266399 0.0329897 -0.0477475
0.1843671 0.2087967 0.0256671 -0.0602751 0.0423745 0.0360964 -0.0073344 0.0484859 -0.0724111 0.0715425 -0.2431454 -0.0048692 -0.1044181 0.0650576 0.0076615 0.0518276 0.0717804 0.0492446 -0.019893 0.0157331
0.1055591 0.1507425 -0.0033425 0.0691346 0.0126301 0.0406278 0.0257552 0.068165 -0.0736193 0.0738238 -0.1988187 0.0168135 -0.0884132 0.0449136 -0.0230429 0.0571088 0.0498185 0.0555671 -0.1079301 -0.0101162
0.0913826 0.1009979 -0.0001211 0.0020428 0.0425707 0.0314384 0.0695088 0.0150821 -0.1143391 0.08408 -0.210637 0.0604969 -0.0552335 0.0512091 -0.0350187 -0.0054668 0.1033639 0.0221035 -0.0581036 -0.0130851
0.1005084 -0.0019632 -0.0161751 -0.0482445 0.0230026 -0.001333 0.0470368 -0.0267502 -0.1410503 0.0894973 -0.1916414 0.0405659 -0.0762126 0.0359008 -0.0418149 0.0338796 0.0979704 0.0622894 -0.0601989 0.0242531
0.065766 0.0264014 0.0996234 0.0076552 0.0659247 0.0965287 0.022284 0.0470731 -0.0014743 0.1162403 -0.2632528 -0.0328572 0.0157804 0.11135 0.0211508 0.06677 0.092221 0.0496404 -0.1294941 0.0379639
0.0660938 0.058125 -0.0076551 -0.0300487 0.095273 0.0312186 0.055888 -0.0886722 -0.044944 0.0905887 -0.1983856 -0.0076253 -0.0671646 0.1137738 -0.0036115 0.0395526 -0.0161894 0.0359653 -0.1175234 0.0244663
0.1005084 -0.0019631 -0.0161751 -0.0482446 0.0230026 -0.001333 0.0470367 -0.0267503 -0.1410504 0.0894973 -0.1916414 0.0405659 -0.0762125 0.0359008 -0.0418149 0.0338796 0.0979705 0.0622894 -0.0601989 0.0242531
0.041165 -0.079134 -0.1056177 -0.0020051 0.0078538 -0.0097169 0.0181512 0.0593133 -0.1897759 0.1478153 -0.1700656 -0.0163039 -0.0830074 0.0390912 0.0124082 0.0279351 0.0424898 0.0355575 -0.013811 0.0361743
0.1309548 0.0708756 -0.142047 -0.0683689 0.0529295 -0.0171851 0.0343202 0.03378 -0.1365956 0.2159133 -0.3070392 -0.0124141 -0.1034175 0.0090057 -0.0109479 0.0328294 -0.001632 0.135713 -0.0882102 -0.0173408
0.1005084 -0.0019631 -0.0161751 -0.0482445 0.0230026 -0.001333 0.0470367 -0.0267503 -0.1410504 0.0894974 -0.1916414 0.040566 -0.0762125 0.0359008 -0.0418149 0.0338796 0.0979705 0.0622895 -0.0601989 0.0242531
0.0692719 0.0851714 0.0229246 -0.0255892 0.1461488 0.0441478 0.031502 -0.0081262 -0.1836546 0.0454118 -0.2381931 0.0177726 0.0067283 0.0423126 -0.0522399 0.0561518 0.0735383 0.1337068 -0.0321122 0.0045824
0.049822 0.1393192 -0.07335 -0.0456069 -0.065537 0.0698511 0.0456646 -0.0278319 -0.1947407 0.0704578 -0.2766483 0.0685092 0.1274852 0.0669255 0.0159778 0.1430035 0.0950483 0.0773031 -0.0401913 0.0192364
0.0646375 0.1631358 -0.0534019 0.0976576 -0.0636895 0.0186451 0.0494774 -0.0121689 -0.100149 0.0199272 -0.3515306 0.1015633 0.0624677 0.10038 -0.0502494 0.0567743 0.0326927 0.0820751 -0.0365209 0.0104459
0.184367 0.2087966 0.0256671 -0.0602751 0.0423746 0.0360964 -0.0073344 0.0484859 -0.072411 0.0715426 -0.2431454 -0.0048692 -0.1044181 0.0650576 0.0076615 0.0518277 0.0717804 0.0492447 -0.0198931 0.0157331
0.1045662 0.2221999 -0.0242573 -0.0177638 -0.0170895 0.0701643 -0.0712932 -0.1593089 -0.0394457 0.0435498 -0.3747131 0.0989946 -0.1456091 0.0389691 -0.0503448 0.1183399 0.0877721 0.1757901 -0.0628905 0.0434948
0.1018268 0.1611882 -0.0286437 0.0270276 0.058369 0.0645412 -0.0085215 -0.0234862 -0.1069593 0.1956076 -0.1917986 0.1173393 -0.0784795 0.1072799 -0.0372096 0.0245509 0.0782696 0.0706134 -0.0444704 -0.0104278
0.1484299 0.0403069 0.0068194 -0.0538009 0.0029024 -0.0220857 -0.0319475 -0.0542853 -0.02398 0.0705008 -0.1604149 0.0410172 -0.1328739 0.0443435 -0.0931055 0.1091289 0.0422997 0.0238523 -0.0133971 0.0063985
0.18556 0.0887623 -0.0383306 -0.1045905 -0.01867 0.018934 0.0761539 0.0269147 -0.0768744 0.0832756 -0.1101601 0.0659356 -0.0758746 0.068512 -0.0313325 0.0804015 0.0826727 0.0399329 -0.08937 -0.0323249
