-0.1367712 -0.2027411 -0.2411076 0.131914 0.2704021 0.2825012 -0.0613821 0.030167 0.1160196 -0.0091559 -0.1717469 0.3257295 0.017331 0.1615641 0.0389035 0.2296465 -0.007865 0.0857078 0.0977929 -0.0617552
0.0121833 -0.2539559 -0.2882271 0.1680562 0.3897835 0.2223733 -0.1352041 0.1257907 0.0424349 -0.0154527 -0.165681 0.2756297 0.0144926 0.1754278 -0.0342631 0.1956597 -0.0271484 0.2188814 0.1050741 -0.0568075
-0.1197221 -0.3666172 -0.0352543 0.2598396 0.2599874 0.1460814 -0.1415064 0.1355112 0.2102238 0.1065782 -0.1652494 0.5501016 0.0214907 0.0821566 -0.0302167 0.2131284 0.080759 0.0426494 0.041083 -0.0965217
0.0511645 -0.5333646 -0.0344871 0.2168843 0.2337325 0.1087769 -0.0613794 0.0823028 0.0758873 0.0307115 -0.0864447 0.3638934 -0.0334277 0.1653145 -0.0347097 0.3066363 0.0048179 0.0490587 0.0915769 0.1483565
0.1167405 -0.4366983 -0.0996897 0.2818592 0.361377 0.1239507 -0.032037 -0.0270049 0.2204077 0.0795535 -0.0279302 0.2126971 -0.0206559 0.058239 -0.0173247 0.3844673 -0.003832 -0.050768 0.0955601 0.2521006
0.0490026 -0.4658233 -0.3495973 -0.0347023 0.3780778 0.1429663 -0.0413159 -0.0656572 0.1100612 0.0368791 -0.2793812 0.2232787 -0.0612181 -0.1182875 -0.108523 0.2913525 -0.0978066 -0.0321373 0.0461794 0.2404973
0.1929449 -0.5460286 -0.4599235 0.1130079 0.4466929 0.1200853 -0.0974714 0.0591284 0.3481042 -0.1011516 -0.4329739 0.1601319 0.0549932 -0.0509741 0.1490856 0.3323158 -0.096672 0.0352005 0.0866989 0.0301159
0.1264141 -0.4237684 -0.4353527 0.172443 0.2424007 0.0880662 -0.0598915 -0.0641834 0.506376 -0.0819809 -0.3202521 0.2851351 0.0722578 -0.1689228 -0.070998 0.123395 -0.1484582 -0.1136039 -0.0401389 0.0805055
0.1938196 -0.6591215 -0.4132478 0.1366665 0.1932735 0.4148884 -0.0967256 -0.1286398 0.1704736 -0.0061055 -0.2902605 0.4571183 0.0738967 -0.0422426 0.0235615 0.2345414 -0.1964227 0.0344739 0.029071 -0.1023392
0.1341068 -0.7059365 -0.2947563 0.0083104 0.0829954 0.3205925 -0.0813399 -0.0146195 0.1653535 -0.044429 -0.2414786 0.3715777 -0.058535 0.0270447 0.0445492 0.0002067 -0.239638 0.2441431 0.1353928 0.0648272
0.0479716 -0.9193095 -0.2397509 -0.0677483 0.118122 0.149662 -0.1286675 -0.0047974 0.1488826 -0.0718512 -0.3460809 0.3250883 0.0865746 0.1792443 -0.0720069 0.1630536 0.0339349 0.0301077 0.0936819 -0.0275384
0.1699195 -0.8655768 -0.2608275 0.1896083 0.1102064 0.1137721 -0.1094898 0.1362984 0.1703893 -0.2578454 -0.1703324 0.2314673 0.0562334 0.0965603 0.053614 0.035967 0.0618012 0.0127856 0.0486888 -0.0039116
0.1879169 -0.8870237 -0.1804171 0.1691937 0.1007977 0.2684201 -0.0530305 0.1080212 0.0783878 -0.0712363 -0.1816988 0.4353976 0.0294423 0.0862233 0.0856785 0.20019 0.0869336 -0.1063131 0.1302596 -0.0394982
0.1873209 -0.9049971 -0.0581947 0.1057534 0.3643015 0.1006856 -0.1552968 0.3544268 0.1751805 -0.0738534 -0.0939024 -0.0881364 -0.0881428 -0.0770932 -0.205862 0.1145419 -0.0383002 -0.014968 0.0717035 -0.0182642
0.2507036 -0.9116305 0.0495803 -0.0770293 0.3861977 0.1010091 -0.2422814 0.0757846 -0.0963899 0.2342993 -0.305921 0.1094162 -0.0556178 0.0076367 0.0251532 0.2230562 -0.0541094 0.0588666 0.0979874 -0.1231526
0.1922265 -0.7114079 0.046761 0.0864194 0.3351362 0.2826138 -0.0280101 -0.0969782 0.1042083 -0.12959 -0.1694248 0.3431677 0.0135924 -0.0205737 -0.0260826 0.1606813 -0.0133982 -0.0007378 0.0132752 0.025186
0.0837078 -0.7862629 0.2664095 -0.1256265 0.31492 0.1568828 -0.0249306 -0.2061711 -0.0425298 0.1612632 -0.3576659 0.4807785 -0.0097726 -0.1698401 0.0314453 0.1707008 -0.1254026 -0.1312153 0.1186201 0.0399393
-0.0143132 -0.6789177 0.295192 -0.0479287 0.3080212 0.0456836 0.0303992 0.1999919 0.2468325 -0.1401245 -0.3295714 0.2710188 -0.0717553 0.0244045 0.1019274 -0.0023432 -0.0922445 -0.065753 0.0755913 0.0418166
-0.0933989 -0.6550474 0.3707852 -0.2664933 0.3542723 0.1463621 -0.0202675 0.060211 0.2064916 0.056452 -0.515056 0.2303693 -0.1523463 0.2108399 -0.0163596 0.2077013 0.0308421 0.1162841 0.0096837 0.0088775
0.1127961 -0.2440451 0.1376341 -0.1101424 0.2559967 0.2361975 -0.0916969 0.1887295 0.0719775 -0.1561511 -0.5226575 0.2024234 0.1437937 0.0971855 -0.0724623 0.0678384 -0.0321592 -0.0244169 0.0632433 0.0699037
0.0205901 -0.6141319 0.3130155 -0.050135 0.1944785 0.2127786 0.0137054 -0.0117821 0.0764457 -0.1234635 -0.0383058 0.3856474 0.1688109 0.0663789 -0.0019327 0.1063945 -0.2138969 0.0357239 0.0039825 0.1371326
0.1638963 -0.1988936 0.13102 -0.0168097 0.3687435 0.3443459 0.0131019 0.3971508 0.0785839 -0.0320523 -0.1980024 0.3149331 -0.0531768 0.0637938 -0.0238308 0.109164 -0.3215781 -0.1325651 0.0584607 -0.0829006
0.1963296 -0.2594364 0.0704587 0.004832 0.4783198 0.3213427 -0.02918 0.4440947 0.2487018 -0.0642009 -0.2238719 0.4296696 0.080722 0.0301748 0.197093 0.2125894 -0.2041957 0.0711927 -0.1120504 0.1783836
0.4847931 -0.4060559 -0.1030596 0.1690248 0.3628407 0.2544 -0.0539889 0.276927 0.295833 0.0776104 -0.3260905 0.3360786 0.1546839 0.0599001 0.0877259 0.151816 -0.1041687 0.1141225 0.1795919 -0.057364
0.4404889 -0.4905636 -0.0698985 0.0160228 0.3725166 0.0917303 -0.1431039 0.0400807 0.0887963 -0.0042482 -0.4288506 0.6725443 0.1416543 0.249123 0.0517256 0.1461886 -0.134266 0.016823 -0.0307023 -0.0544369
0.4085948 -0.2181771 -0.0846666 0.0982934 0.4173394 0.2392366 -0.1483475 -0.0283607 0.3455892 0.0156566 -0.1829105 0.4850865 -0.1846401 0.2004293 -0.1353338 0.1259261 -0.0559137 0.1009653 -0.0479156 0.0053972
0.3202342 -0.3735997 0.0216117 -0.0172464 0.4926093 0.3093733 -0.0378025 0.0319931 0.2087646 0.078668 -0.1783708 0.4295904 -0.0386737 0.1310838 -0.0721291 0.2106847 -0.0803339 0.0025671 0.1641591 0.1204705
0.3226235 -0.4526804 0.0752882 0.1132193 0.4091931 0.2188289 -0.1048637 -0.1118428 0.1976119 -0.1189553 -0.1411006 0.267914 -0.1453293 0.2350466 0.0057567 0.0604436 -0.1372806 -0.054283 0.0788329 -0.0057489
0.3751069 -0.3107675 -0.0628706 0.2468768 0.4586832 0.2915569 -0.0475811 -0.0431455 0.1742867 0.1612443 -0.2028731 0.2865922 -0.2369058 -0.0235047 -0.009835 0.0506463 -0.0441701 -0.1303609 0.1012136 -0.0961379
0.3712688 -0.6828466 0.0886154 0.092934 0.5472845 0.0772603 -0.0767754 -0.3099082 0.0797649 0.0207235 -0.2738287 0.2374578 -0.077855 0.199652 0.0073296 0.1296879 -0.1001314 0.073343 0.0674544 0.1564133
0.3997081 -0.5027805 -0.0728916 0.1866057 0.5901293 0.2068081 -0.1292399 -0.097297 0.0962965 -0.1505056 -0.3953788 0.2659054 -0.159732 -0.0623431 0.1782176 0.1382536 0.0827751 0.074756 -0.0245215 0.1103397
0.2009424 -0.6440693 0.0756838 0.0731235 0.4100988 0.312915 -0.2714456 -0.1793262 0.1767744 -0.0059655 -0.3471615 0.1312245 -0.1002859 -0.0471712 0.0392817 0.1501336 0.0203052 -0.0289145 -0.0256778 -0.0748344
0.2503346 -0.6850462 -0.047694 0.2752082 0.4029582 0.1375458 -0.066994 -0.0479584 0.2320416 -0.3609425 -0.1771947 0.3321602 0.0289754 0.076987 0.150133 0.2243029 -0.0411326 -0.1205182 0.0564734 0.2195654
0.2594885 -0.4695252 -0.0996484 0.1525301 0.1760111 0.4091298 -0.1512402 -0.0165725 -0.0553374 -0.3152934 -0.3101332 0.0928812 -0.0271849 0.070845 -0.0820682 0.0069247 -0.077882 0.1214253 -0.0913232 0.1191649
0.1237583 -0.885719 0.0088766 0.2017806 0.2638805 0.4483894 -0.1016915 0.1769252 0.2127276 -0.1183889 -0.4305459 0.2267353 0.0307254 0.0423781 -0.0567408 0.3163891 -0.0947199 -0.1719097 -0.0608482 0.0226238
0.2448224 -0.7542752 0.0088289 0.1308401 0.3025213 0.4945155 -0.0834491 0.2710291 -0.0328552 -0.2355809 -0.1564096 0.1123908 -0.1570128 0.1892877 0.2576383 0.4337367 -0.1755889 0.0946871 0.0452107 0.0123855
0.1879169 -0.8870237 -0.1804171 0.1691937 0.1007977 0.2684201 -0.0530305 0.1080212 0.0783878 -0.0712363 -0.1816988 0.4353976 0.0294422 0.0862233 0.0856785 0.20019 0.0869336 -0.106313 0.1302596 -0.0394983
0.253042 -1.0376275 -0.1272439 0.178284 0.5141618 -0.0506778 -0.2128266 0.4905496 -0.1509802 -0.1922251 0.0072652 0.7090252 -0.1104876 0.0037074 -0.0967996 0.1558432 -0.0981952 0.0385853 -0.1165187 0.0538718
-0.0037589 -0.7545352 0.0327796 0.51807 0.2481723 0.540098 -0.3640086 0.3302366 0.2044643 0.1986422 -0.3785131 0.5437603 -0.1777199 0.0035059 -0.0155701 0.0873259 -0.0281367 -0.1013291 0.0768798 0.2325202
0.0545661 -0.7887116 -0.2933196 0.6122379 0.9037667 0.2487596 0.0588962 0.1796206 0.1183918 0.0975518 -0.2593438 0.0956483 0.1001836 0.1962124 0.0477492 -0.0027014 0.1437908 -0.0357384 -0.0577485 0.1121261
-0.0801866 -1.0294451 -0.3191354 0.2311741 0.9661546 0.3736393 0.0775037 0.1187526 -0.1078933 -0.0335039 -0.3820626 0.2765149 -0.0006106 -0.0074 -0.1135423 0.1558774 -0.1950285 0.0784502 0.1387614 -0.0782738
-0.1351442 -0.4754398 -0.2267855 0.2585989 0.6343981 0.2394631 -0.218905 -0.0994236 0.1072436 -0.3730812 -0.3422443 0.6198902 -0.0951161 0.005813 -0.0436294 0.0665806 -0.2663586 0.0434223 0.2463303 0.1045905
0.1625002 -0.5405277 0.1004673 0.5988934 0.5112429 0.215053 -0.0974251 -0.2819599 0.0901396 -0.0834305 -0.0815346 0.5079375 0.1132617 0.1565694 0.0420647 0.2644053 -0.0838906 -0.0480978 -0.016671 -0.2155283
0.0875655 -0.4492473 0.114919 0.5695187 0.2198503 0.3602093 0.0495537 -0.0852542 0.0419503 -0.0633033 -0.3231177 0.3604999 -0.0411838 -0.1758185 0.181607 0.0726032 0.034951 0.1718312 0.0893029 0.0151396
0.2001699 -0.3628592 0.1297724 0.5373548 0.2897884 0.1461684 -0.0316637 -0.0135813 0.1048317 -0.0438399 -0.275772 0.3166206 -0.0037287 -0.1884061 0.0266786 0.2993825 -0.1560548 0.06595 0.0809233 -0.0491312
0.2886814 -0.5451952 0.1636058 0.4502125 0.1712497 0.1722686 -0.1618375 0.1137135 0.0048713 -0.0372955 -0.5258206 0.125364 0.1975564 0.0166844 -0.1201331 0.243451 -0.1013053 0.0812828 0.1172365 0.0904569
0.1664408 -0.4800316 0.1930616 0.4120004 0.3504697 0.1238336 -0.0611947 0.1350874 -0.1214298 -0.0932102 -0.4477955 0.2610092 -0.0094621 -0.0338869 0.0164871 0.248547 -0.1084323 0.0086389 0.0198892 -0.0379561
0.1027802 -0.4382008 0.2190932 0.5132664 0.3974465 0.0298959 -0.1149124 0.1603748 0.2759392 0.0076167 -0.1850029 0.1462787 -0.0644498 -0.0160465 -0.0946189 0.24074 -0.1614483 0.1956478 -0.0773829 0.0596455
0.1368472 -0.1516138 -0.0205693 0.5891483 0.2255183 0.0467236 -0.0984223 0.1730505 0.0702801 -0.1388075 -0.2657571 0.347581 -0.0147549 0.0211644 -0.1114979 0.1169889 -0.1289966 0.0029754 0.1890091 -0.0022659
0.1506279 -0.3134054 0.0596792 0.6046443 0.208836 0.1040636 -0.1478448 0.1701532 0.1442129 -0.0830024 -0.3563082 0.2584231 0.0282222 0.0164004 -0.0303714 0.0884812 0.0124695 0.0266625 0.1499568 0.0046212
0.0596588 -0.3451726 0.1074597 0.5265102 0.2461921 0.3048413 -0.0355004 0.1235134 0.0705629 -0.164661 -0.3139399 0.209679 -0.1505724 0.2542478 0.1111968 0.1323592 0.0100815 -0.0979346 0.0285873 0.0500626
0.1006259 -0.3958864 0.115172 0.3796939 0.3089829 0.2452489 0.0034218 -0.1709893 -0.045127 -0.0938804 -0.3123338 0.5365306 -0.0101463 0.1678206 -0.1213847 0.1967553 0.008852 -0.0266811 0.1157031 0.1241925
0.2141979 -0.2847134 -0.122459 0.0944686 0.3174568 0.1175403 -0.0800146 0.0439214 -0.1133741 -0.2225766 -0.3256857 0.5046596 -0.1684255 -0.106613 -0.062658 0.3425593 0.0562137 0.009083 -0.0912073 0.0351841
0.3860037 -0.3774377 -0.1568058 0.1812235 0.2764697 0.4207245 -0.049629 -0.1110163 -0.0727508 -0.2117621 -0.2926384 0.132912 0.0702849 0.0263477 -0.2879043 0.2048302 -0.009792 9.08e-05 -0.0183049 0.0145994
0.2846772 -0.4968285 -0.1114225 0.0787045 0.2167962 0.3389207 0.1199432 0.0586236 0.117823 -0.0592431 -0.2155898 0.4633305 -0.2863461 -0.0387984 -0.2312527 0.16224 0.0324865 0.0368302 0.0692814 0.0260096
0.1922265 -0.7114079 0.046761 0.0864194 0.3351362 0.2826138 -0.0280101 -0.0969782 0.1042083 -0.12959 -0.1694248 0.3431677 0.0135925 -0.0205737 -0.0260826 0.1606813 -0.0133983 -0.0007378 0.0132752 0.025186
0.5226079 -0.7546993 -0.0201325 0.1634935 0.3886969 0.120936 0.0135445 0.2122281 -0.059859 -0.0090416 -0.2307172 0.4028255 0.1962784 -0.0024378 -0.0068075 0.06332 0.0208681 0.0207116 0.2397308 0.1407252
0.2598669 -0.7482373 0.3018178 0.2272598 0.3715639 0.4258949 -0.0772819 0.118498 0.3156488 -0.0805678 0.2148947 0.222357 0.0590034 -0.1802203 -0.0558387 0.1550987 0.0110849 0.1391304 0.1704247 -0.0089504
0.0109387 -0.8188428 0.3386297 -0.0616208 0.5945299 0.3028777 -0.2310167 -0.1546873 0.2415343 -0.2660883 -0.2299524 0.4449088 0.0784852 -0.0842585 0.0069259 0.2114779 0.1028984 0.1350365 0.1675735 0.0741814
0.1522843 -0.2692954 0.1733756 0.0685042 0.7315762 0.2377307 -0.1787788 -0.00277 0.2593891 -0.180075 -0.223136 0.3141645 0.198071 0.0084092 -0.0397551 0.1862345 -0.024526 -0.0890254 -0.0212503 -0.1042596
0.1384324 -0.2216626 0.0447497 -0.034088 0.5017841 0.2966639 -0.1012003 0.1743147 0.2424171 -0.310639 -0.2436521 0.2656295 -0.0017435 0.1209856 -0.1673732 0.2143361 0.1248751 -0.0011956 0.1762156 -0.0714888
0.2844983 -0.1448982 -0.1048494 -0.0941087 0.5367831 0.1650725 -0.0678089 0.4015967 0.1092837 -0.2332949 -0.3889154 0.3960871 -0.158854 -0.0850486 0.0947139 0.2629732 0.0994513 -0.0280073 0.3301715 -0.0094494
0.08641 -0.2328223 -0.0658254 -0.0085904 0.3558407 0.3031725 -0.0178709 0.2498571 0.0692473 -0.0067435 -0.2832119 0.5533622 0.0895314 -0.2165172 0.0565145 0.0635428 0.1711123 0.0799512 -0.2201498 -0.0313625
0.1286852 -0.2641299 0.0024634 0.0318973 0.4526254 0.4320184 -0.1643747 0.1980215 -0.0322134 0.0457944 -0.1679616 0.3180077 0.2162238 0.0430929 -0.1751889 0.2367495 -0.0770044 -0.0979904 0.0860215 0.1438834
0.1590454 -0.0341977 -0.1703269 -0.0590928 0.4014769 0.2916321 -0.179982 -0.0275221 -0.1234953 0.1166319 -0.1633103 0.2601179 0.0955003 0.0452474 0.1123697 0.1414614 0.0894952 0.1044045 0.0772844 0.219456
0.1244676 -0.0943861 -0.1133419 0.0924912 0.3740474 0.1906764 -0.2483302 -0.0721562 -0.1633651 -0.0400003 0.0130322 0.1220272 -0.0094728 -0.0843551 0.1975178 0.0503541 -0.1323817 -0.1552964 0.1086594 0.0070065
-0.0991185 -0.2166292 -0.184865 -0.1101553 0.2709127 0.0793707 -0.048756 0.002577 -0.0369747 -0.09868 -0.0534298 0.059594 -0.0419863 0.0356035 0.0404031 0.1208863 -0.0677202 -0.0340644 0.0131875 -0.0614523
