1.5528699 0.5175963 0.8673438 0.2625088 -0.0010959 -0.0469872 -0.0654758 0.0777116 0.18456 0.1945293 0.0327443 0.0054079 0.0299416 0.1097675 0.1331171 0.1132868 0.1741974 -0.0181228 0.0618015 0.0434483 0.0504366 0.1067256 -0.0697757 0.1235226 -0.0416074 -0.0196867 0.1529653 -0.0956953
1.6757184 0.6069353 0.6808164 0.4186717 -0.0375603 -0.0490946 0.0172591 0.041982 0.2626114 0.2760434 -0.0309858 -0.0549838 -0.0885063 0.1103403 -0.0684677 0.0442058 0.1729331 0.0392898 0.0838829 0.1944493 -0.1369946 0.1189023 0.0100556 -0.0019899 -0.0758799 0.106946 -0.1321708 -0.0127002
1.7749868 0.7671953 0.6028052 0.2556417 -0.0547573 0.0123002 0.1553266 0.2394232 0.106623 0.3099114 -0.088083 0.0729387 0.0273877 0.0284836 0.0484498 0.0245962 0.1985214 0.0120463 0.162622 0.1220205 0.0515021 0.0721969 -0.0396017 -0.0696618 -0.0170097 -0.0637332 -0.0414081 0.0555872
1.9217939 0.7334715 0.3687211 0.4197275 0.1468063 0.1515234 0.2688657 0.0388548 0.1629522 0.1426058 0.0914314 0.0412928 0.0613186 0.0594742 0.0879195 0.1239615 0.0378904 0.0987579 0.0682299 0.0548281 0.0718843 0.0423904 0.2158285 0.0914641 0.1080235 0.0851565 0.0773084 0.0801404
2.1039349 0.4686717 0.1879026 0.4071809 0.1169359 0.2836833 0.1164582 -0.2418204 0.3498293 -0.1468218 -0.1477077 0.1993794 0.0057448 0.160104 0.1612023 0.0324562 0.177573 0.1060316 -0.0353104 0.1710252 0.1184185 -0.2355099 -0.0430334 0.0822618 0.0982604 -0.0256323 0.0817323 0.0053666
2.3788381 0.3906764 0.1287745 0.6343392 0.4095155 0.1056721 -0.2268904 -0.1447586 0.054325 -0.1160299 -0.1983719 0.1408016 0.1127918 0.1332396 0.3374892 0.062458 0.0913955 0.1464154 -0.0543783 0.0185531 -0.1480945 0.0115322 -0.0202861 -0.0787597 0.0136322 0.1483153 -0.0834261 -0.0508752
2.6627672 0.1350033 0.047279 0.9479239 0.2892425 -0.3548869 -0.2679564 -0.0432269 0.0024596 -0.15294 -0.1214117 0.3192685 0.0423162 0.3971992 0.1669721 0.0219858 0.3224342 -0.0452241 0.178554 0.0084333 -0.173763 -0.0101911 -0.2234658 0.1788458 -0.1447975 0.2554853 -0.0946588 -0.0225721
2.5902946 0.4942841 -0.2344491 0.7545114 0.5577795 -0.5150948 -0.3161444 0.1508103 0.0937229 -0.1191379 -0.0952665 0.3243714 0.0236755 0.2229716 0.1478271 -0.1237132 0.1250921 -0.0844379 -0.0468463 -0.0572387 -0.0625771 0.1027272 0.0058361 -0.1180042 -0.0420293 -0.0061364 -0.0243116 -0.0066808
2.3406924 0.776353 -0.1779377 0.8876313 0.4007433 -0.4872627 0.0277013 0.1018987 0.0712715 0.0131826 -0.0687128 0.1739209 0.0137855 -0.0036589 0.0186961 0.0700517 -0.1267296 -0.019168 0.060364 -0.0453668 0.1077517 0.0473688 -0.0726678 0.0090942 -0.0275716 -0.0900943 0.2001136 0.0565916
2.2742459 0.7305145 -0.5587128 1.0191271 0.1598434 -0.3942809 0.0380185 0.0815536 -0.1551749 0.1956181 0.0438387 -0.1055071 0.1693915 0.0981495 -0.0529314 0.0123162 0.0197734 -0.037669 -0.0465799 -0.0156192 0.1219276 0.1159536 0.0688604 0.1327977 -0.04069 0.1654778 0.0323802 0.0375809
2.0242309 0.8118018 -0.3820812 1.1362923 0.3946757 -0.3031255 0.1333506 0.066617 -0.1624304 0.1626549 0.1620526 -0.1742811 0.2134966 0.1011061 0.0355812 0.1047162 0.03025 0.0597211 0.0471764 -0.1325011 -0.0339196 -0.0777111 -0.0694442 0.1093045 0.0157988 0.1287087 -0.1430693 -0.1375768
1.8494139 0.6405753 -0.3471365 1.0540266 0.3765372 -0.2832435 0.0875836 0.1351488 -0.216641 0.1446991 0.2356044 -0.0741281 -0.0537566 0.0854762 -0.1387813 0.027885 0.1781183 -0.1800274 0.1029339 -0.049463 0.0700074 -0.0937598 -0.0304767 -0.0101131 0.1090636 -0.0196557 -0.2107115 -0.0245091
1.9387357 0.5639399 -0.3389032 1.1901114 0.3462541 -0.2786021 0.0656978 0.1197567 -0.1676302 0.0377601 0.1554693 0.0438165 -0.0474835 0.0448183 0.0202378 0.1519831 0.0389996 -0.038058 0.196749 -0.0601788 0.1075489 -0.0745919 -0.1919799 -0.1395482 0.0689809 -0.1109276 0.1463268 0.0932307
1.8876499 0.3119133 -0.5439358 1.0339151 0.0973012 -0.0311458 0.0798656 0.242671 -0.1071085 -0.0754295 -0.1240535 0.1441922 -0.1439381 -0.0260719 -0.0043987 -0.1412783 0.1213193 -0.1316755 -0.2121063 0.1827151 -0.019051 0.0167712 0.0127408 0.0690201 -0.0554336 0.096169 -0.0671832 -0.0007806
1.9958527 0.4146077 -0.8513851 0.9763762 -0.3650713 -0.044895 -0.0904029 -0.0783965 0.3164377 -0.2191321 -0.1181112 -0.0031423 -0.0741525 -0.0635864 0.0257226 -0.0973348 -0.0499828 0.0977927 0.0173782 0.0154032 -0.0349444 0.0122778 -0.022741 0.1817174 0.0808641 0.0696084 -0.1060301 -0.133857
2.6976465 -0.3770892 -0.7956353 0.204714 -0.196205 -0.3106787 0.1689478 -0.1164699 -0.0906754 0.0325047 0.0911198 0.0235556 -0.0411108 -0.0319545 0.0961628 0.0404521 -0.1510534 0.0411685 -0.0944632 0.0095774 -0.127832 -0.0095322 -0.0186115 -0.0260611 0.0100574 -0.0028997 0.1748423 0.0164592
2.3528831 -0.5126919 -0.8899132 0.1660133 -0.3396671 -0.081732 0.1685966 -0.2273018 0.2606558 -0.0446456 -0.0346637 0.1363475 -0.114736 -0.108801 0.0887785 0.0831513 -0.2119521 0.1939211 0.1561221 -0.1146168 -0.0958685 -0.0992762 0.0241449 -0.113053 0.1499261 -0.0135631 0.0196402 0.1958209
2.4646153 -0.922664 -0.6141199 -0.2347146 -0.2764258 0.2815378 0.023479 0.0043858 0.1334312 -0.0623355 0.0433707 -0.0394993 0.0655215 0.0948183 -0.0569731 0.027372 0.0875093 -0.1874399 -0.1368894 0.1058663 -0.0010271 -0.1290051 0.0333565 0.1027074 -0.001507 0.2282145 -0.2694951 0.2821412
2.5601892 -0.9459217 -0.6168413 -0.157343 -0.6216112 0.4217015 -0.16703 -0.1045266 0.171405 0.1984999 -0.0416473 -0.066078 0.0666216 0.1054723 0.0599022 0.0293835 0.0225059 -0.1886947 -0.0149584 -0.0683176 0.1494644 0.1559879 0.0078429 -0.0280733 0.044501 0.0238726 0.0234903 -0.1215373
2.2882603 -1.1568759 -0.2043306 -0.27676 -0.4386306 0.3034571 -0.1883399 0.0994058 0.0917685 -0.139081 0.019237 0.1183743 -0.0750944 -0.1340791 0.0981158 0.0838844 -0.0761331 0.0911302 0.2289594 -0.0480035 0.0142346 0.161991 -0.22759 0.0923905 -0.1235183 0.0343308 0.1981797 -0.1541069
2.3819242 -1.2470366 0.1197147 -0.1963351 -0.2455967 -0.013624 0.0729488 -0.1046034 -0.0957698 -0.2171441 0.0009564 0.024654 0.136398 -0.0622847 0.0261083 -0.0632211 0.18311 0.124389 0.0488418 -0.1170348 0.1562898 0.0639489 -0.0075405 0.0456566 0.1575521 -0.0764332 -0.17571 -0.0273156
2.9278774 -1.4591522 -0.0736572 -0.1155204 -0.5766901 0.2916449 0.0492285 -0.0224194 -0.156594 -0.2977627 0.0628872 0.2285126 -0.0491357 0.0481267 -0.0871501 0.1651722 0.0052512 -0.0804471 -0.0011937 0.0846537 -0.0584259 0.3784777 -0.1000713 -0.0818228 -0.146141 -0.0687389 0.1513018 0.1048178
3.1442107 -1.4898421 0.0802568 0.1405809 -0.7159348 -0.0290191 -0.2543459 0.0104777 -0.3880891 -0.0319943 0.2701907 0.0446591 -0.0669568 -0.0384836 0.0648809 -0.0159431 -0.1707587 0.181407 0.147418 -0.1159796 0.0998373 0.0298471 0.0216521 0.0857153 -0.0153639 0.0450754 -0.1182994 0.0344003
3.4085272 -1.0665765 -0.3162749 0.8209087 -0.2721102 -0.4221877 0.0970782 0.004293 0.1638099 -0.0316021 -0.0042179 0.2182251 0.0457877 0.2524826 0.0367982 -0.1366229 0.2600865 -0.01706 0.2214872 0.2449855 -0.178245 -0.1106579 -0.2389044 0.1216309 0.0177577 -0.1303223 0.0107779 0.1314066
3.5208042 -0.9815127 -0.2193688 0.5992139 -0.117811 -0.5728856 -0.1263525 0.3052594 0.099513 0.0941239 0.1224671 0.0627402 0.1103374 -0.2523162 -0.0830813 0.1829917 -0.2341198 -0.0490394 0.2934902 -0.1454716 -0.1904829 0.0753068 0.0342726 0.0799408 -0.0805728 0.180139 -0.1461972 0.1640222
3.9049936 -0.9312012 -0.4215219 0.682348 -0.4191711 -0.4496091 -0.3956336 0.2597396 -0.0605467 0.1485211 -0.0864436 -0.0284008 -0.0546423 -0.0074587 0.0956452 -0.1311616 0.2036915 -0.0492106 0.0674019 0.0576911 -0.0608416 0.2218191 -0.0694353 0.1037871 -0.2643559 0.0178357 -0.0611522 -0.0149613
3.800729 -1.0932459 -0.3828997 0.360744 -0.2482841 -0.3377646 -0.0981789 -0.1683605 -0.0544089 -0.0496128 0.0411003 0.0681473 -0.0067468 -0.2369175 0.1115786 0.1470929 -0.0767701 -0.1108151 0.1716627 0.1985714 -0.1609649 0.1107231 -0.0178451 -0.0709174 0.0763951 -0.0355604 0.0884423 0.0044779
4.1270571 -0.8996935 -0.8150095 0.4726576 -0.2409759 -0.2115651 -0.162016 -0.0563271 0.0192449 -0.1494503 0.2222382 0.3170253 0.0912117 0.0968706 -0.357653 0.1368792 0.0749349 -0.016293 0.1371388 0.034201 -0.1389172 0.0706401 -0.0121737 0.2087224 0.2660255 0.0809529 0.1184423 -0.1302383
3.929784 -0.9666441 -0.6780085 0.5736641 -0.2576519 -0.0966612 -0.1875312 0.146334 0.1474072 -0.1377758 0.117582 0.0069582 -0.1648014 0.0653632 -0.130444 -0.0702434 -0.0298268 0.0169407 -0.1729878 -0.1820479 0.0090854 0.1406787 0.0810285 -0.2587703 0.1793316 0.097508 0.2348373 -0.1266078
4.1645539 -1.029611 -0.9666989 0.6242927 -0.1184242 -0.1324949 -0.1372291 -0.0333961 0.2660257 -0.1245517 -0.0351587 0.0566108 0.2452393 -0.2320686 0.0046976 -0.0466629 0.0295978 -0.1140206 -0.0163332 0.1367891 -0.1216064 -0.0551767 -0.0243821 0.1306012 -0.0107365 -0.0855457 0.0732868 0.0033363
4.2783409 -1.0580646 -0.7279345 0.4742719 -0.0556038 0.0322874 -0.1120535 -0.0572229 0.1842307 0.0155089 -0.0212718 0.0563771 0.2602702 -0.2641336 -0.0133341 0.1020133 -0.0831295 -0.0723548 -0.0281422 0.0971834 0.0072782 -0.0744945 -0.1238244 -0.3002651 -0.062404 0.2294672 -0.0093926 -0.3161655
4.3660231 -0.6181539 -1.1580224 0.2987088 0.510829 -0.0005406 -0.1548908 0.0269131 0.0706301 -0.023748 0.094505 0.2382201 0.2351476 -0.2340028 0.0371084 0.0478217 -0.0165477 0.1484655 -0.2148352 0.1400456 0.1556808 0.1077691 -0.2304402 -0.1775556 0.066015 -0.0453605 -0.1209238 0.0084028
4.3490914 -0.8604073 -0.8770811 0.1210524 0.8772841 -0.1060335 -0.2923602 0.0570918 -0.0268784 0.0457965 0.0975363 0.2243323 0.1238856 -0.1135711 0.2553741 0.0178768 -0.0229247 0.2154401 -0.0172008 -0.0661298 0.1152831 -0.3200182 -0.2041522 0.2557525 -0.0245925 -0.1330953 -0.0439092 0.2388506
4.3512911 -0.7598114 -0.7297636 -0.5545616 0.9922599 0.1316656 -0.3356044 0.1991244 -0.0451219 0.154858 0.1411619 -0.05012 -0.1209404 -0.330467 0.0526187 0.2641812 -0.0337887 0.0275326 -0.130145 0.0015888 -0.0953866 0.1050913 -0.1659427 0.0747689 0.0290339 0.1780921 -0.0070617 -0.1147536
4.5211601 -0.4966451 -0.393082 -0.3676031 0.9820136 0.200695 0.004599 -0.1609402 0.0370899 -0.1529665 -0.0913576 0.0247339 -0.1713895 -0.0170726 -4.26e-05 -0.1458612 -0.1650373 0.1487862 0.1106604 -0.0418179 0.1897231 0.0488378 0.0638784 -0.021289 -0.2198518 -0.1053223 -0.0995931 -0.181968
4.4962553 -0.4522436 -0.4014361 -0.4347901 0.8100131 0.2575195 -0.0099219 -0.2098604 -0.0884698 -0.1764791 -0.0499343 -0.1653074 0.2055704 -0.0570396 0.1372154 0.190394 -0.0344628 0.2986405 0.1762238 0.3232656 0.0196767 0.1029019 -0.0678126 0.0301496 -0.0604092 -0.0015331 0.136071 -0.160836
4.633324 0.1725657 -0.2526714 -0.3352671 0.750058 0.0687292 0.2400951 0.0385966 0.1395633 -0.1377617 -0.1484087 -0.1854156 -0.0652626 0.2335113 0.1429923 -0.0552274 -0.0158727 -0.096776 0.1747937 -0.0848236 0.1033275 -0.096945 0.1616103 -0.0339136 0.2145785 0.0156467 -0.1051437 -0.0105388
4.5664534 0.3343 0.1205149 -0.1042979 0.310532 0.2416365 0.4789684 0.0723915 -0.0425478 0.0492871 -0.1006402 0.2167658 -0.1505988 -0.1388784 0.0048162 -0.1366549 -0.1735477 -0.0809999 0.1158021 -0.1284613 0.1099765 -0.2908454 0.1134907 -0.2322397 -0.06721 0.2221264 0.046055 0.0963911
4.3997098 0.5020175 0.0199356 0.0568889 0.1822473 0.0836906 0.0193181 0.2255741 -0.3351795 -0.0370589 -0.1446722 0.0515746 -0.6028926 0.0843598 -0.000769 0.0548886 -0.0897451 -0.0058719 -0.2386178 0.0883029 0.3307867 0.1897817 0.0778894 0.013426 -0.082981 -0.2004023 -0.1036932 -0.1625253
4.5481984 0.6297653 -0.1494343 0.033151 0.0547787 -0.0399089 0.0025597 -0.1814033 -0.1461442 -0.3464012 -0.0565674 0.1526655 -0.0195756 -0.2791602 -0.4043986 0.1911676 -0.0228934 0.1818593 -0.2751515 -0.2636288 0.0670106 -0.2068915 -0.1714082 -0.2841219 -0.0790569 0.1128006 0.0915654 0.0542045
4.6457739 0.7278488 -0.1943568 0.1245304 -0.0030973 -0.1161542 0.442724 -0.1114593 -0.0660419 -0.3651866 0.1353612 0.0004879 -0.0228423 -0.3510817 -0.1792004 0.0404785 -0.2620111 0.1889758 0.0741651 -0.0793675 0.0105999 0.0266011 -0.0758221 0.2557999 0.0273607 -0.1985749 -0.0539812 -0.0150691
4.5734587 0.4352662 -0.4961343 -0.1060127 -0.1335842 -0.2193982 0.1715185 0.3349722 0.0013106 0.3520479 -0.102473 0.0380791 0.2340379 0.0562115 -0.2252117 0.1294978 0.3779915 -0.1280305 -0.1774655 0.0880837 -0.0414023 0.2856967 -0.0439655 -0.2436429 -0.1438747 -0.2384852 0.0230646 0.0079608
4.3213178 0.2698958 -0.3905635 -0.3268019 0.2064672 -0.6786558 0.0099028 0.253661 -0.0565997 0.1819884 0.0245723 -0.1399872 0.2003253 0.0930517 -0.0822608 -0.0326733 -0.0554928 0.113391 0.006181 -0.0481305 -0.0281129 0.1606545 0.010566 -0.1706617 -0.0116036 0.036463 0.0389826 0.0539969
3.9174929 0.027638 -0.3459999 -0.4349934 0.514136 -0.5249687 -0.2021772 0.1932412 0.0171273 -0.0981058 0.1120686 -0.0813096 0.0225452 -0.1377989 -0.0479146 0.0159148 0.0386104 -0.0397469 0.2399686 -0.0872018 0.2002183 -0.0708397 -0.2956918 0.0578546 0.013115 0.1035764 -0.0033217 -0.1186597
4.2628063 -0.0921009 -0.5749147 -0.9568121 0.6436379 -0.2402594 0.0706968 -0.0765235 0.3181207 0.2866902 -0.1927056 -0.065033 -0.0273919 0.0187058 0.0969652 -0.1874323 0.0796822 -0.4298469 0.0571306 0.0897963 0.1352741 -0.0875192 0.1016674 -0.047038 0.1522264 -0.203407 0.0651263 -0.0631155
4.1814601 0.0388906 -0.5010854 -0.5147419 0.6533093 0.0043107 -0.0037905 0.231737 0.3991401 0.1596876 0.003423 -0.2126963 0.1019518 -0.0855308 0.2227121 -0.2499964 -0.0209375 -0.2617081 0.2063492 0.1199217 -0.0470379 -0.0758527 0.0099237 0.217024 0.0037387 -0.1906894 -0.0605084 -0.0901379
4.0443952 -0.0905127 -0.4782357 -0.8624044 0.3918725 0.063623 0.2442735 0.0494922 0.4668977 -0.0297035 -0.1013027 -0.1397514 0.0579257 0.0323063 -0.031925 0.1688063 -0.1639297 -0.175121 0.1202724 0.166535 -0.023173 0.0473478 0.0901479 0.14495 -0.1014985 -0.2102136 -0.0226182 0.0405332
3.9187959 0.0520423 -0.5015866 -0.5464569 0.4372347 -0.0259729 0.092588 0.2212617 0.1350124 0.1632275 -0.0694306 0.0417781 0.0034791 0.0545224 0.0547484 0.1094524 -0.0008755 -0.1978061 -0.0195593 0.2141748 0.1561132 0.1288716 -0.0007046 0.1949118 -0.0192263 -0.1171166 -0.2459112 -0.1772465
3.8029413 0.2205535 -0.4968866 -0.5957555 0.5894007 0.127353 -0.0497402 0.4266544 -0.1150293 0.2899139 -0.0601607 -0.1303433 -0.2238387 0.1282409 0.1027275 0.0315945 0.0410321 -0.1251016 -0.0505082 0.0615162 -0.0518992 -0.021152 0.0749974 0.1535779 0.0191051 -0.0998723 -0.2027388 -0.0524483
4.086031 0.2694622 -0.68809 -0.5221082 0.6490226 0.2942758 -0.0613227 0.299989 -0.0966838 0.3864303 -0.4057968 -0.06444 -0.0569261 0.2185113 -0.2078619 -0.0396354 -0.0617359 0.0131576 -0.1201889 0.2078994 0.2091589 0.0486446 0.1291429 0.0741278 0.1120073 0.0099805 -0.2188582 0.049099
3.9347192 -0.0003736 -0.4679167 -0.2581588 0.6401191 0.353312 0.078318 0.3751878 -0.1861867 0.0413845 0.2102991 -0.0071823 0.1307605 0.0579616 -0.3207062 0.0932256 -0.1065884 -0.0210959 -0.1137668 0.1758141 0.2210696 -0.0408912 0.112708 0.0966454 0.0678677 0.0088141 -0.0127525 0.1495446
4.2684146 -0.4460528 -0.6004663 -0.2113832 0.81487 0.0113611 -0.0743506 0.0900447 -0.0992647 0.188999 -0.1695289 0.1215964 0.1811194 -0.047667 -0.1393539 0.0426854 -0.1322163 0.1040823 0.1927375 -0.0748363 -0.0129677 0.0676419 0.0227825 -0.0898262 -0.061297 -0.0083905 0.1100504 -0.0043864
4.2591728 -0.5257501 -0.4207633 0.0717113 0.714409 0.2109745 -0.1703443 0.2136073 -0.2629943 0.0424627 0.0957645 0.0415432 0.2540751 -0.0860985 0.1358467 0.0527733 -0.0021851 -0.004223 -0.0360192 -0.0462147 0.0380155 -0.0600279 -0.1658995 -0.2270414 -0.0089558 0.1731221 0.0914732 0.0819229
4.0321499 -0.9383323 -0.3955232 0.3734004 0.6893213 -0.0873902 0.1339831 0.1499955 -0.1736438 -0.3178078 0.2936172 0.0093751 0.0008892 -0.069939 -0.3682509 0.2477962 0.0452402 0.0772389 -0.0163295 -0.2418433 0.0128731 -0.0310623 -0.045595 0.2167157 0.0665703 -0.0764564 0.1722162 -0.3160366
4.2868169 -1.0921614 -0.6180411 0.6457545 0.9851504 -0.1475901 -0.0947487 -0.1197886 -0.2566462 0.0379651 -0.009554 0.1606139 0.0846382 0.1047484 -0.1394809 0.0917455 0.0462479 -0.1895808 -0.0723845 -0.1575554 -0.0005113 -0.1506044 0.0144637 -0.0095263 -0.0779478 -0.2396946 0.0245535 -0.0581195
4.0811681 -1.3091958 -0.7566029 0.6900193 0.700897 -0.2506279 -0.1323979 0.0340368 -0.1525817 -0.0824175 0.1820537 0.2128175 0.1660783 -0.1775093 -0.0144119 0.0793287 0.111327 0.0370909 0.0381576 0.1571635 0.0382744 -0.1229434 0.0018862 0.1619525 0.0559014 -0.1974245 -0.1083441 -0.1103043
4.1253312 -1.6388102 -0.5906149 0.7148667 0.5560035 -0.4061214 0.1232047 -0.0668676 -0.1753735 -0.1520532 -0.081395 -0.1223908 0.0326242 -0.1706107 -0.2570772 0.290068 -0.1696954 0.0089626 -0.0413813 -0.0745199 -0.2731216 -0.2550213 -0.0038805 0.2023352 -0.0825016 -0.0720897 -0.1439175 0.080986
4.1826489 -1.872973 -0.5144648 0.5127958 0.5429149 -0.6340566 0.3367131 -0.0726876 -0.0897602 -0.219199 0.0390744 0.269642 0.0265609 -0.1203263 0.145049 -0.0608846 0.0645544 0.0073099 -0.0500594 0.1117083 0.231119 0.2961966 0.146675 -0.2202571 -0.0875234 -0.074926 0.1727243 -0.1617139
4.4186329 -2.0389381 -0.591263 0.5634152 0.2016955 -0.342707 0.0724134 -0.0557981 0.0065334 -0.1012565 -0.0292956 0.0879046 -0.1837494 0.0315659 0.036618 -0.0631222 0.0304147 0.1410354 0.1368469 0.1439729 0.2325921 0.1216768 -0.0012974 0.0141626 -0.2046412 0.1919005 0.1409534 -0.0687269
4.2872233 -2.3080467 -0.4326782 0.1921339 -0.1135891 -0.2003903 -0.0622184 0.1566145 -0.1599947 -0.0692237 0.1255016 0.2021083 -0.1801797 0.031317 0.0190261 -0.1964939 -0.2654665 0.1851254 0.1349082 -0.0799998 -0.1004367 -0.1372769 -0.0655231 0.0432765 0.1245234 -0.0936955 -0.2166365 -0.0352911
4.0921219 -2.3153894 -0.1183245 0.0970859 0.1736679 0.1780517 0.0221237 -0.0544065 -0.2135856 0.0672165 -0.1561819 -0.0077392 -0.1826849 0.23684 0.2334175 -0.0228685 -0.087537 -0.136167 0.0462368 0.1711017 -0.1891067 0.0635275 -0.0888369 0.0093401 0.056188 -0.1167988 -0.025971 -0.1754086
3.6308892 -2.1195282 0.1914425 0.0370435 -0.104338 0.089653 -0.0859673 -0.0615424 0.3864943 0.007342 -0.0425168 0.0651303 -0.0153612 -0.1311822 0.0238463 0.3974127 0.161976 -0.1495291 -0.1719622 0.043151 -0.0687336 -0.0499986 0.0344778 -0.0813859 0.1479515 0.0355718 0.0517791 -0.1119668
3.0496896 -1.9151937 1.2213513 0.4269735 -0.3669201 0.2915149 -0.0854111 -0.1451597 0.2370777 -0.1114119 0.1026209 0.115381 0.042855 -0.0133985 -0.0804861 -0.0499331 0.0325728 0.0010246 0.0930462 -0.1825844 0.1281293 0.040944 0.00075 -0.1569449 0.084665 -0.0090189 -0.1198462 -0.0015675
2.41436 -1.275104 1.0083353 0.794986 -0.5820555 0.399896 0.3161148 0.0271338 0.0331266 0.0840338 -0.0058422 0.0629025 0.0627862 -0.2455662 0.0421985 -0.1595003 -0.0642921 0.0166847 -0.0327981 0.1245197 -0.1103383 -0.0189132 0.0367423 -0.068557 0.0970226 0.0678911 -0.0913379 -0.0090457
2.025525 -0.8442747 0.7707963 0.9181113 -0.9099937 -0.1306226 -0.0274722 -0.2169454 -0.0470075 0.2985458 0.1621473 -0.0151682 0.0127175 -0.0189129 0.0053666 -0.0890496 -0.0202804 0.0938976 -0.0023864 -0.0095814 -0.0379758 -0.200691 -0.0122199 0.1818918 -0.0931138 -0.0290814 0.0273945 0.1080746
1.4863879 -0.3272767 0.2751552 0.6490615 -0.6820799 0.1049676 0.3600237 0.1752239 0.1488189 0.0725537 0.0306658 0.0085458 -0.0488993 0.0488277 0.1617668 -0.0036232 0.1310018 0.1129921 -0.0064126 0.1803926 -0.0039332 0.0496406 0.0619417 -0.0780198 0.064712 0.0691212 0.0597184 -0.0528254
0.9808093 0.1788827 0.0611605 0.1683448 -0.1429058 0.0507877 -0.0033327 0.0547861 -0.0302282 -0.0377176 -0.0006581 0.0825086 0.0435357 0.0282829 0.0351342 -0.0123253 0.0222637 -0.0004827 0.0243178 0.0585295 -0.0309863 -0.0006308 0.0298394 -0.0217045 0.0107498 0.0394423 0.057914 0.0030814
