1.5528877 0.5629536 0.8429697 0.3014581 0.0536737 0.0146917 0.0338893 -0.0965424 0.0348906 0.2062674 0.1830969 0.0329293 -0.0015891 0.1065849 0.0653984 0.1506528 0.0353376 0.0555879 0.0861128 0.0043547 0.0273508 0.0136886 0.0052294 -0.0041807 -0.0111483 -0.0243189
1.6096593 0.6213524 0.7115014 0.3433055 0.0945029 0.0332898 0.0399048 -0.0896269 0.0152946 0.227322 0.155816 0.0525656 0.0127538 0.1205295 0.0453695 0.140954 0.0109701 0.0552461 0.0660904 0.0326914 0.0463124 0.0081068 0.0219777 -0.0214697 0.0232505 0.0089493
1.8566898 0.7985778 0.5600167 0.3891644 0.2199067 0.0437054 0.175733 0.0528391 0.1148001 0.1021367 0.2459697 -0.0458733 -0.0503643 0.1414439 0.0036853 0.1490815 -0.0277664 0.0638761 0.0633897 0.0422374 0.0520801 0.01112 0.0192094 -0.0160507 0.0322386 0.0401359
1.9817024 0.6726659 0.2972297 0.425298 0.1266072 0.2850837 0.2834364 0.0408287 0.0977527 0.2050161 0.1135272 0.0755105 0.1568003 0.1160451 0.113051 0.0363769 0.083848 0.0448533 0.0883541 0.0310831 0.0456952 0.0319605 0.0594394 0.0534342 0.1180176 0.0494999
2.2386858 0.5000232 0.0795473 0.4832706 -0.0743445 0.3656617 0.1584973 -0.1123698 -0.149188 0.2386199 -0.0566826 0.0278502 -0.036279 0.1947306 0.0609749 0.1138797 0.0898733 -0.0021437 0.0482235 0.0551083 -0.021837 -0.0010578 0.0029077 0.0731093 0.054096 0.0104359
2.5399987 0.1647098 0.1212001 0.5616313 -0.4192017 0.1043912 -0.1621045 -0.2574863 -0.1398488 0.1651996 -0.1274077 -0.0190357 -0.1473302 0.1882612 0.0685535 0.0805235 0.1286307 -0.0797819 0.0506813 0.0926906 0.0156585 -0.0354114 -0.0511117 0.1001245 0.0238658 -0.0087728
2.6904101 0.1013585 0.0350923 0.719109 -0.6171453 -0.2850487 -0.3327276 -0.2978029 -0.0330633 0.1585306 -0.1050655 0.0409754 -0.1163734 0.2510119 -0.0527491 0.1823045 -0.0731512 -0.0225268 0.0686318 -0.0827199 0.0174759 -0.0233525 0.0147194 0.0906879 0.0276017 -0.0129445
2.627164 0.4594108 -0.1976105 0.8218403 -0.5559204 -0.4903725 -0.2720398 -0.1520259 0.0932384 0.1909995 -0.1437653 0.0597446 -0.1109614 0.1399503 -0.0729952 0.0819361 -0.02761 0.0266044 -0.0167822 -0.0755523 -0.0113014 0.0777865 0.0146355 0.0761133 0.0029923 0.0006853
2.4403963 0.7504652 -0.333081 0.857844 -0.3885158 -0.5272529 -0.0457482 -0.0593034 0.1437222 0.1261237 -0.0818725 -0.0790579 -0.1141888 -0.0099593 0.0755161 -0.0907308 0.0676102 0.0051786 -0.0594731 -0.0217548 -0.019156 0.037593 -0.0044758 -0.040753 0.0543987 0.0035371
2.3517452 0.8396678 -0.4694759 1.051389 -0.156444 -0.4844793 0.1309809 -0.0830149 0.0573344 0.0209928 0.055107 -0.1097592 -0.0261246 0.034859 0.0650217 -0.0016556 -0.0290375 -0.0462399 -0.0087792 0.0091559 0.0628865 -7.93e-05 -0.0638 0.0055376 -0.0024263 -0.0103251
2.0897795 0.8506888 -0.4381658 1.2061509 0.0580563 -0.372767 0.0584584 0.0128478 0.1275917 -0.0839774 0.0759422 -0.0056789 0.0929328 0.0179324 0.036886 0.0554468 -0.0938764 -0.0841375 0.0473862 0.0478356 0.0752106 0.0389987 -0.0228564 0.0249094 0.0913295 -0.1202583
1.8960408 0.7024387 -0.4382603 1.1753641 0.2163815 -0.3622787 0.118459 -0.0355383 0.1068576 -0.1210221 0.0930935 0.189817 0.1807974 -0.0005004 0.053842 0.0952294 -0.0874727 0.1122399 -0.0357675 -0.036323 -0.0651976 0.1251579 0.0962344 0.1235443 0.142134 0.0462013
1.9358782 0.5002939 -0.3865618 1.1793283 0.4978307 -0.2266926 0.0985875 -0.1869072 0.2285867 -0.1794877 0.056041 0.247221 0.1337502 -0.033368 0.0398415 0.0562845 -0.0848717 0.0885679 0.048703 -0.1033129 0.0565661 0.0070874 0.0312793 0.0729759 0.0482602 0.0217293
2.0105873 0.3144313 -0.5609813 1.0708076 0.7501799 0.0129131 0.0754333 -0.1296014 0.225075 -0.0795504 -0.2083837 0.0856405 -0.1653002 -0.0612623 -0.1373827 0.1197412 -0.0705027 -0.1204814 0.1344214 0.0120579 0.0437498 0.0158575 -0.0554262 -0.1444093 -0.1500593 0.0643776
2.0359848 0.4047232 -0.9603233 1.0634101 0.6730971 -0.0222441 -0.1080243 0.2233502 -0.0912217 0.2553718 -0.230478 -0.0350455 -0.0462234 0.0039878 -0.0838692 -0.0065001 0.0560168 -0.0157146 0.066894 -0.0534829 0.139978 -0.0703328 -0.0352939 -0.0054299 -0.0373317 -0.0756287
2.6386092 -0.3454639 -0.918001 0.3044421 0.2780516 -0.2234806 0.1578284 -0.1161975 -0.0432472 -0.022561 -0.0444142 -0.0461695 -0.0683357 -0.0737096 0.0612945 -0.0350485 0.0337364 -0.0415945 0.0111619 0.0174258 -0.0081201 0.0797993 -0.0383494 0.069336 0.0496121 0.043607
2.4379071 -0.5532216 -0.9279398 0.14042 0.442306 0.0225054 0.069298 -0.1062616 -0.1697628 0.1611839 -0.0440299 -0.0081105 -0.1075079 -0.0801777 0.1269117 -0.0702004 0.030414 0.0359321 -0.0615737 0.0301423 -0.0438081 0.1092673 0.0213955 0.0382123 0.1160406 0.1342509
2.5459779 -0.8880679 -0.7778567 -0.1857002 0.4873652 0.3209821 -0.0595367 -0.2026988 -0.0726728 0.1018572 0.0284064 -0.0914786 0.0273164 0.1135572 0.0618768 -0.0282866 -0.0715655 0.0758858 -0.0115802 0.003098 0.0075663 0.015708 -0.007877 0.008193 0.0572719 0.0509482
2.4802388 -0.9612666 -0.5281735 -0.2597612 0.5630793 0.4595489 -0.1622307 -0.1631037 0.0437672 0.0023284 0.1181645 -0.0769624 0.0534344 0.149408 -0.0402882 -0.0095782 -0.0688674 0.0375393 0.0284735 0.0895988 0.0005794 -0.0083109 -0.0422391 0.0101166 -0.0301553 -0.1193761
2.3621973 -1.1519336 -0.2096625 -0.2696935 0.4126351 0.3017398 -0.0973137 0.0569901 0.1075207 -0.0007777 -0.0583139 -0.033448 -0.0910583 -0.1678383 0.0312947 -0.013978 0.1337156 0.1505648 -0.0044648 -0.0045757 0.025962 0.0026826 -0.061191 0.0715768 -0.1085388 -0.0571359
2.3920855 -1.2840566 0.0667369 -0.292906 0.1509599 -0.0354057 0.1384958 -0.0312539 -0.0538787 -0.0403812 -0.2155814 -0.1330149 0.0047708 -0.0204191 -0.0767922 0.1118295 0.1288695 -0.002295 -0.0516412 0.0355686 -0.0253387 0.0287415 0.0438222 -0.1773799 0.0248406 0.0362645
2.8278674 -1.4523316 -0.0494676 -0.1478811 0.3394501 0.1503543 0.1457852 -0.2021627 -0.0168244 -0.2576969 -0.155776 0.0701371 0.0269515 -0.0149416 0.0166543 0.1024301 -0.0148181 0.0030653 0.0746575 -0.037328 0.2684374 -0.000898 -0.0274839 0.0613667 -0.1097521 0.0186721
3.0410282 -1.4301413 -0.0100481 0.1454815 0.4008807 0.1108134 -0.0573759 -0.3491376 0.0007651 -0.2632118 0.0616171 0.2144841 0.2163191 0.0388443 0.0221085 -0.0226811 0.1036984 0.0226434 -0.0627672 0.1082912 -0.0110511 0.0864958 0.0052914 -0.02463 -0.0190451 -0.0883284
3.5161662 -1.2650567 -0.300916 0.782672 0.2353592 -0.5272889 0.1050956 -0.136941 0.0647696 0.0400389 0.0509645 0.2122607 0.092851 0.0667386 -0.0618074 0.0119646 -0.1011809 0.1123286 0.0371617 -0.0225455 -0.0668929 0.054043 0.072893 -0.0399254 0.0546621 0.0708045
3.608292 -1.1774741 -0.2733266 0.6872864 -0.0707402 -0.4910393 -0.0896781 -0.0502654 0.1595518 0.0558616 0.1690127 0.0947343 -0.0393883 -0.15588 0.1843632 -0.2254806 -0.0586051 0.2325656 0.0402201 0.0100085 0.0721899 0.068847 -0.0567319 -0.0176393 -0.1197724 -0.0098814
4.0246582 -1.0489762 -0.4755522 0.7948364 -0.3360603 -0.3800113 -0.31732 -0.0494042 0.1727022 -0.0289746 0.0346208 0.1334574 -0.110658 -0.018429 -0.1020278 0.0043519 -0.0628025 0.0092629 0.0057382 0.0371467 -0.0978617 0.108675 0.0115578 0.0058555 -0.0798092 0.016029
3.9897979 -1.0498777 -0.5406861 0.6554904 -0.4345305 -0.4150053 -0.2216002 -0.0214548 0.1420311 0.0064477 -0.0436816 0.0121122 -0.0391737 -0.1548894 -0.0216264 -0.0830995 -0.0850316 0.1084229 0.0414444 0.036085 -0.0333705 0.0738691 -0.0022092 0.0866452 -0.073023 -0.0099061
4.1108214 -0.8763886 -0.6541433 0.5360051 -0.402471 -0.3086603 -0.1226869 -0.0315026 0.0459981 0.0189641 -0.1324556 -0.0204338 0.0642404 -0.0368554 0.1128132 -0.0371831 -0.0859238 0.0413565 0.0118487 -0.0188285 0.1542912 -0.0993821 -0.0403351 -0.1149383 0.0907243 -0.0559472
4.0077316 -0.9904901 -0.7661889 0.4935829 -0.5224902 0.032882 -0.1360275 -0.0435756 -0.0177361 0.0905393 -0.1344522 0.0934533 0.1173186 -0.002493 -0.0349785 -0.0319784 0.0085051 -0.0514056 -0.1023754 -0.044896 0.0890006 -0.1819224 0.0266689 -0.0075095 0.0635369 -0.0469461
4.0879131 -1.0485648 -0.8020731 0.5535122 -0.597775 0.0486317 -0.1269074 -0.1222911 0.0473438 0.1870674 -0.0919782 0.0180144 0.0691789 -0.0617551 0.0178651 -0.0951081 -0.0281837 0.0764688 0.0125716 -0.043312 0.0935048 -0.0967348 0.0330091 -0.0401664 0.0720244 -0.0921789
4.2886178 -1.0666304 -0.8628359 0.5325123 -0.4998858 -0.0116354 -0.0866592 -0.0053119 -0.0294145 0.2262041 -0.0807634 0.0234464 -0.061215 -0.0841693 0.0870096 -0.0524221 0.0705006 -0.0283236 0.0489654 0.0573572 -0.1100608 -0.011438 0.0391767 0.0485411 0.0014846 -0.0416915
4.3832494 -0.743856 -1.153269 0.1440666 -0.3010528 -0.1412054 -0.0542134 0.2129882 -0.0920742 0.0275272 -0.0727874 0.152451 0.0991721 -0.0682295 0.0429773 0.002097 0.0719612 -0.2773573 0.0309329 -0.0093333 -0.0162027 -0.1195966 0.080469 0.0589325 -0.1166511 0.0476544
4.2378152 -0.8361421 -0.8528129 0.0920754 -0.3214558 -0.1785268 -0.1881559 0.247368 0.0717994 -0.0285596 -0.0671676 0.1407029 0.1690656 -0.1240093 0.0585534 -0.0599038 0.057524 -0.0816438 -0.0969361 -0.0333933 -0.0396226 0.1345171 0.1284836 0.0925198 -0.0217704 0.0097267
4.2572462 -0.6634645 -0.7313269 -0.5093086 -0.4299683 0.1449559 -0.3600073 -0.1063925 0.0844661 -0.0103388 0.0113566 0.038596 0.020005 -0.1334759 0.1325158 -0.0069588 0.0889173 -0.2789739 -0.0187565 -0.0020462 0.1069713 0.0127468 -0.0851796 0.0988226 -0.0362982 -0.0235454
4.425576 -0.4962621 -0.5007444 -0.4056811 -0.610787 0.3262703 -0.2673358 -0.074117 -0.0971852 -0.1076408 -0.2688603 0.3053638 -0.1154007 -0.0328676 0.0662385 -0.0062834 0.1103355 0.0743774 0.0524455 0.0435139 -0.0824504 0.024928 0.1162773 0.1008538 -0.1738469 -0.0949801
4.5655301 -0.3221324 -0.43097 -0.3040591 -0.5133914 0.2197094 0.0138692 -0.0009618 -0.2577652 -0.0118048 -0.2233878 0.2754742 -0.0231793 -0.1329768 0.1549358 -0.0963597 0.0807211 0.1261496 0.2116739 -0.0213598 -0.0108602 0.0064698 0.094269 -0.0628487 -0.0063453 -0.0573123
4.4828543 0.1579078 -0.3091595 -0.2651415 -0.6047479 0.094982 0.2477622 0.2809097 0.0706229 0.0835344 -0.1992524 -0.0616978 -0.0501948 -0.0602679 -0.085175 -0.0532083 0.0251871 0.0267145 -0.0980608 0.0366176 -0.0806917 0.1671998 -0.186147 -0.0280095 0.0898959 -0.0833017
4.5107423 0.3878537 -0.1000485 -0.0411338 -0.6671129 0.0948829 0.2622961 0.249968 0.1433595 -0.0993221 -0.0295572 -0.0259654 -0.0381211 -0.208679 0.031495 -0.1365499 -0.1230924 0.2968983 -0.0630393 0.1545649 0.1189869 -0.1012912 0.1440755 -0.063032 -0.0792934 0.0713204
4.4455023 0.5511487 0.0327697 0.0628893 -0.3538707 -0.021624 0.2176269 0.3821445 0.0996992 -0.2114508 -0.1057971 0.0532995 -0.14329 -0.0059766 0.1353799 -0.1249177 -0.0665354 -0.1568536 0.1263256 0.083043 -0.1760385 -0.0609621 0.167505 -0.0202272 -0.1054135 -0.0614233
4.626795 0.7654504 -0.06074 0.0814187 0.1998858 0.0220706 0.0537884 0.3038285 -0.0096904 -0.2838563 -0.3328799 0.0603942 -0.1154724 -0.4542109 0.1490249 0.0967622 0.0941527 -0.2005186 -0.2522023 -0.0995164 0.0284835 0.0536114 -0.1175728 -0.081698 -0.0324601 0.0026785
4.6362527 0.6467973 -0.0350272 0.2011673 0.4071204 -0.0273004 0.2440771 0.4417471 -0.1636274 -0.0976603 -0.2817463 -0.160993 0.0275384 -0.3082915 0.0388143 -0.0051169 0.0656927 -0.0183198 -0.1122748 -0.0377001 -0.0452623 -0.1519465 -0.1097534 0.0661345 -0.0563535 -0.0113502
4.6028834 0.5212726 -0.3573103 -0.1768771 0.4436122 -0.2886727 0.2270809 0.180488 0.1458955 0.0973244 0.1424109 -0.1694839 -0.1603856 0.0826771 0.0427596 0.1765473 0.0743193 0.0070839 0.0026905 -0.1099478 -0.0408835 0.0128683 0.0516443 -0.1128677 -0.0338168 0.0303409
4.456964 0.3223061 -0.3393887 -0.4851745 0.3349351 -0.5152778 -0.0073351 -0.0638646 0.2769907 0.0227316 0.0547297 -0.0006807 -0.0647176 -0.0234049 -0.0461226 0.0488376 -0.0921861 -0.1216402 0.0452984 0.0340781 -0.1960381 -0.0902378 -0.0034272 -0.1085376 0.0477685 -0.0128542
4.2044459 0.1122655 -0.4590217 -0.6286694 0.4520134 -0.4509885 -0.1221276 -0.0830775 0.2377748 0.0275381 0.0331081 -0.1427942 -0.0179827 -0.0458166 -0.1224742 -0.0572293 0.0268476 0.0992444 0.0181283 -0.0530393 0.0160211 -0.0850665 0.0005823 -0.0200298 -0.0642973 -0.0392133
4.2736851 0.0419446 -0.4938515 -0.7920937 0.458597 -0.3133574 -0.0168818 0.0063509 -0.0328898 0.2748947 0.2384666 -0.0406208 -0.1764225 0.0443269 0.0396865 -0.0745174 -0.2390922 -0.0622102 0.0531714 0.0846521 -0.0444095 -0.118773 0.0559368 0.0898434 -0.0025683 -0.0122126
4.168595 0.0859027 -0.4573209 -0.7075136 0.5131579 -0.0674879 0.0586345 -0.0723439 0.1059068 0.3429052 0.156795 -0.09226 -0.1438567 -0.0099581 -0.0179158 -0.0239016 -0.1656113 0.1460081 0.1262859 -0.0364871 -0.0173109 -0.0926772 0.0701489 0.1322338 0.0487104 -0.0152392
4.0859192 0.1957248 -0.5367065 -0.7183992 0.4591584 0.015071 0.1266168 -0.0174727 0.1314351 0.3148543 0.0833245 -0.0896438 -0.0531458 0.0557886 0.0341389 -0.1123288 -0.1062404 0.1417905 0.0436199 0.045241 0.0429712 -0.0822721 0.1131328 0.050802 -0.0745779 0.0132174
3.9967715 0.201592 -0.592936 -0.7157852 0.2565546 -0.0255641 0.0993097 -0.1222418 0.2018447 0.0811463 0.2117554 -0.0209643 -0.1387961 0.1638594 -0.0544401 0.0259382 -0.0859397 0.1018895 0.1178888 0.0114401 0.0801105 -0.1068319 0.0128447 0.0135814 -0.0360677 0.0670771
3.9250469 0.2022682 -0.5993923 -0.6576334 0.1616625 0.0557396 0.0152945 -0.0046342 0.2524577 0.0698298 0.21941 -0.1453116 -0.0557132 0.1399503 0.0639612 0.0031082 -0.1924028 -0.067225 0.1605336 -0.0186256 -0.0552836 -0.1147381 -0.0148015 0.0567461 -0.0827498 0.0705703
3.9638937 0.1242946 -0.6060098 -0.5362644 0.0872097 0.142133 -0.0074947 0.1858291 0.2041321 -0.0648847 0.2905344 -0.1002487 -0.1560785 0.156882 -0.0003163 -0.0487721 0.0294278 0.0064399 0.1806999 -0.169174 -0.0432111 -0.0180941 -0.082604 0.0408235 0.0017323 0.0620338
4.0306361 0.0264464 -0.5170706 -0.3299317 0.1249563 0.130933 0.0717796 0.1355334 0.3009589 -0.1423472 0.1609726 -0.1659312 -0.0352449 0.1339699 0.0376142 -0.118845 0.0832821 -0.0758539 0.0883146 -0.1165401 0.0314536 0.0768878 -0.1100769 -0.0249024 0.0784467 0.0476931
4.204456 -0.3623059 -0.4192197 -0.2285958 0.1643597 0.0829369 -0.0658115 0.215268 0.2072912 -0.2285475 0.1290288 -0.1857007 -0.0411086 -0.0278892 0.0422261 -0.074084 0.0106411 0.1319353 0.0229673 -0.0300194 -0.0693607 0.0180629 0.0288466 -0.0237506 0.0044641 0.0781256
4.2542617 -0.5479235 -0.4180546 -0.0100635 0.0388 0.1405158 -0.14057 0.2880876 0.2161672 -0.1546725 0.0326391 -0.1546589 0.0345697 -0.1643572 -0.0027406 -0.0158626 0.0173526 0.0548982 -0.1040246 0.0368904 -0.0580272 0.1215109 0.0547492 0.0455897 0.0252546 0.0631748
4.232838 -0.9761772 -0.5005776 0.4240363 -0.2477401 0.0368642 -0.0007093 0.0349984 -0.0348013 -0.1004121 -0.2219007 0.1498908 0.2386667 -0.0184252 0.1498091 0.0221971 0.0129953 -0.0575024 -0.1007502 -0.0218828 0.0744582 -0.0066409 0.0079557 0.0412964 0.0169661 -0.0455743
4.1845272 -1.1361402 -0.5974365 0.5773751 -0.0466186 -0.226476 -0.0633528 -0.0829281 0.0258969 -0.1548077 -0.0481797 -0.1414237 0.158522 0.0089662 0.046978 0.1441868 -0.0551558 -0.0640018 -0.0642266 -0.0677671 0.0359932 0.052183 -0.0343898 0.0368993 -0.0806638 -0.0586845
4.121276 -1.3104997 -0.765042 0.7054604 0.1012345 -0.3498231 -0.0737686 -0.0134226 0.0104366 -0.1847721 0.0535212 -0.1525326 0.1246239 -0.1389508 0.0852183 0.0247935 0.0674426 -0.0569915 -0.0274814 -0.0603373 0.0954985 0.0192384 0.0311957 0.0563052 0.0456076 -0.0328198
4.2652129 -1.6078269 -0.718572 0.6617605 0.2975289 -0.4908953 0.0443531 0.2817776 0.0371018 -0.1920046 -0.036556 0.0614796 0.0824846 -0.1344728 0.2087709 -0.006244 0.1970583 0.0130821 -0.1705041 0.0232237 0.0823115 0.1480802 -0.0125543 0.0081038 0.0179292 0.0143586
4.4594456 -2.0046673 -0.666713 0.4662372 0.4034213 -0.440653 0.1255711 0.1651952 0.0576685 0.024217 -0.2802967 0.0504153 0.0778775 -0.0806819 0.015783 0.1557147 0.0382777 -0.1713708 0.0597084 -0.1075325 0.1309838 -0.0581254 -0.0546833 0.0079149 -0.031308 -0.0033703
4.6302773 -2.325033 -0.6250337 0.3964557 0.4345776 -0.2672602 0.2769899 0.0091902 -0.2075847 -0.0962234 -0.09708 0.0621787 -0.0093121 -0.0114554 0.075761 -0.0606189 -0.0528419 0.0302084 0.0124343 0.0915848 -0.0940136 -0.0840819 0.0422511 -0.0374731 -0.0654658 0.0109732
4.3942044 -2.4548141 -0.2546709 0.0637276 0.3488162 -0.0264643 0.0571107 -0.0177167 0.0055415 -0.2500106 -0.0112164 0.1756344 0.054748 0.0194183 -0.0075829 -0.0491648 0.0384331 0.036998 0.0093215 0.1199624 -0.1099865 0.050465 0.051925 0.0029009 -0.0321753 -0.0004899
4.2348332 -2.4638681 0.015462 0.0717789 0.1565119 0.0654054 -0.0353495 -0.0826559 0.0273389 -0.1324234 0.0979458 0.1083993 -0.1711081 -0.0174308 -0.0495733 -0.1710786 -0.0829925 0.0938565 -0.017916 -0.077614 0.0594598 0.0734559 -0.1142822 -0.0042486 0.089466 -0.0614478
3.9464667 -2.3930982 0.3348097 0.0472048 -0.0660274 0.1299979 0.0038529 -0.027653 0.0395275 0.1607288 0.0417325 -0.1474055 -0.0963802 -0.0996075 0.066627 0.0515576 -0.0079607 -0.0785647 0.0146291 -0.109524 0.0745834 0.0231498 0.1089646 -0.0680373 0.0321971 -0.0356242
3.0445169 -1.8981824 1.1074006 0.3012875 -0.1105794 0.4658849 -0.1595213 0.319871 -0.1789195 0.167694 -0.0345023 -0.1934122 0.0720582 0.0781927 -0.1402514 0.0139837 0.0447774 0.0403504 -0.1012314 0.071513 -0.1001727 -0.126128 0.0726106 -0.0442243 -0.016783 -0.0173101
2.4259513 -1.3133792 1.0241783 0.7741088 0.0373701 0.3163419 0.2410878 -0.0753561 -0.0314858 -0.0763298 -0.009452 -0.1206607 0.0287588 -0.0931343 -0.0488498 -0.0649847 -0.0419636 0.0238555 0.0658882 -0.0524619 0.0376542 -0.01575 0.0377663 -0.0634447 0.0637978 -0.0418293
1.990661 -0.8447433 0.6629776 0.9245448 -0.1926375 -0.0700634 -0.0076425 0.1139668 -0.1716435 -0.0008932 0.2270358 -0.1225112 0.1042784 -0.0423317 -0.149004 -0.0162747 0.1402834 -0.1050975 -0.097792 -0.0236823 -0.0789242 -0.0384438 -0.1173595 0.040387 -0.0618114 0.0861176
1.5180236 -0.3673714 0.31193 0.6670435 -0.3850151 0.0867106 0.3251077 -0.2683052 0.1603997 0.1581649 -0.0027035 0.0247422 0.0032783 0.0677279 -0.0150559 0.0483942 0.0692978 -0.0329831 0.0902897 0.1063049 0.0245106 0.0579014 0.0356537 -0.0038786 0.0711421 -0.0792093
1.0214862 0.1518123 0.0343731 0.1294459 -0.0486015 0.0668596 0.0040922 0.0083261 0.0329398 0.0036096 -0.0211176 0.0128262 -0.0161614 0.0094577 0.0120328 0.0390821 0.0494788 0.0526814 0.0527224 -0.0315135 0.0442045 0.0230222 0.0057354 0.0046028 0.0123982 -0.0111793
