0.067 -0.034 0.037 -0.086 0.016 -0.027 0.063 0.013 0.007 -0.032 -0.046 0.016 -0.001 0.074 0.025 -0.092 -0.037 0.093 0.034 -0.078 -0.019 0.05 -0.003 -0.017 0.024 -0.013 -0.037 0.032 -0.038 0.029 -0.01 -0.013 0.031
0.035 0.03 0.029 0.049 0.031 0.027 0.049 0.033 0.025 0.048 0.034 0.024 0.046 0.035 0.044 0.035 0.042 0.036 0.04 0.036 0.037 0.036 0.034 0.036 0.03 0.035 0.027 0.034 0.033 0.031 0.03 0.027 0.025
0.049 -0.065 0.054 -0.038 0.017 0.005 -0.027 0.046 -0.06 0.068 -0.068 0.061 -0.047 0.029 -0.016 0.036 0.065 -0.069 -0.056 0.039 -0.003 0.026 0.059 -0.068 -0.062 0.049 0.009 0.014 -0.064 0.057 0.002 -0.058 0.063
0.012 -0.003 -0.016 0.009 0.013 -0.014 -0.009 0.017 0.003 -0.018 0.004 0.016 -0.009 -0.013 0.008 -0.017 0.018 -0.004 0.01 0.013 -0.008 0.017 -0.018 0.004 -0.01 -0.012 0.007 -0.017 -0.005 0.012 0.017 0.005 -0.012
0.104 -0.099 -0.015 0.119 -0.144 0.075 0.044 -0.134 0.136 -0.048 -0.072 0.144 -0.121 0.019 -0.147 0.102 -0.117 0.145 -0.041 0.132 0.051 0.068 0.123 -0.022 0.147 -0.104 0.114 -0.146 -0.131 -0.065 0.026 0.107 0.146
0.1 0.136 0.12 0.095 0.062 0.025 -0.014 -0.052 -0.086 -0.114 -0.132 -0.141 -0.138 -0.125 -0.072 -0.035 0.042 0.078 0.128 0.14 0.13 0.109 0.046 0.007 -0.069 -0.1 -0.138 -0.141 -0.089 0.021 0.118 0.137 0.065
0.078 0.098 0.063 0.014 -0.038 -0.082 -0.107 -0.107 -0.083 -0.041 0.011 0.061 0.096 0.11 0.065 0.017 -0.08 -0.106 -0.085 -0.043 0.058 0.095 0.1 0.067 -0.033 -0.078 -0.108 -0.087 0.056 0.101 -0.03 -0.109 0.003
0.088 -0.028 -0.112 0.079 0.076 -0.113 -0.025 0.125 -0.031 -0.111 0.081 0.074 -0.115 -0.022 -0.034 -0.109 0.071 -0.116 0.124 -0.037 0.086 0.069 -0.016 0.124 -0.106 0.088 -0.118 -0.013 -0.104 -0.119 -0.046 0.061 0.123
0.195 0.101 -0.083 0.083 0.274 0.118 -0.082 0.063 0.27 0.135 -0.08 0.043 0.263 0.149 0.023 0.254 -0.074 0.002 0.174 -0.07 0.226 0.184 -0.039 0.209 -0.06 -0.059 0.198 -0.054 0.202 0.146 -0.114 -0.033 0.201
0.009 -0.01 0.004 0.004 -0.01 0.013 -0.01 0.003 0.004 -0.011 0.013 -0.01 0.003 0.005 0.013 -0.01 0.005 -0.011 -0.009 0.003 -0.011 0.013 0.002 0.006 0.013 -0.009 0.006 -0.011 0.002 0.012 0.006 -0.008 -0.012
0.104 0.011 -0.146 -0.033 0.14 0.055 -0.132 -0.075 0.121 0.093 -0.107 -0.109 0.09 0.123 -0.134 0.051 -0.03 -0.146 0.147 0.015 -0.037 0.139 -0.13 -0.078 0.096 -0.104 0.087 0.125 0.048 -0.146 0.019 0.138 -0.081
0.129 0.118 -0.031 -0.156 -0.169 -0.062 0.087 0.17 0.13 -0.002 -0.128 -0.158 -0.073 0.063 0.121 0.006 -0.142 -0.064 0.139 0.111 -0.116 -0.142 0.071 0.152 -0.004 -0.129 -0.077 0.068 0.019 -0.108 0.167 -0.177 0.138
0.086 0.122 0.122 0.122 0.121 0.121 0.121 0.12 0.12 0.119 0.118 0.117 0.116 0.116 0.113 0.112 0.11 0.108 0.105 0.104 0.1 0.098 0.095 0.093 0.088 0.086 0.082 0.08 0.072 0.065 0.057 0.048 0.039
0.083 -0.116 0.11 -0.101 0.089 -0.074 0.057 -0.038 0.018 0.003 -0.024 0.044 -0.062 0.079 0.104 -0.112 -0.118 0.115 0.098 -0.085 -0.052 0.032 -0.009 0.029 0.067 -0.083 -0.107 0.114 -0.113 0.081 -0.027 -0.035 0.087
0.212 -0.089 0.08 -0.263 0.028 -0.005 0.169 0.079 -0.101 -0.061 -0.184 0.188 -0.014 0.241 0.021 -0.226 0.042 0.147 -0.147 -0.04 0.246 -0.045 -0.295 0.068 0.27 -0.019 -0.184 -0.082 0.191 -0.259 0.257 -0.187 0.081
0.041 0.032 -0.023 -0.057 -0.04 0.013 0.054 0.047 -0.003 -0.05 -0.052 -0.007 0.044 0.056 -0.037 -0.058 0.028 0.058 -0.019 -0.056 0.009 0.053 0.001 -0.048 -0.012 0.041 0.021 -0.033 0.024 -0.015 0.004 0.006 -0.016
0.007 -0.009 0.006 -0.001 -0.003 0.007 -0.009 0.009 -0.007 0.004 0.001 -0.005 0.008 -0.01 -0.006 0.001 -0.007 0.009 0.008 -0.004 0.005 -0.008 -0.009 0.006 -0.003 0.007 0.01 -0.008 -0.005 0.009 0.003 -0.01 -0.0
0.031 0.037 0.017 -0.008 -0.031 -0.043 -0.042 -0.026 -0.002 0.022 0.04 0.044 0.034 0.012 -0.034 -0.044 -0.021 0.003 0.042 0.043 0.007 -0.018 -0.044 -0.036 0.009 0.031 0.041 0.025 -0.04 -0.011 0.044 -0.004 -0.043
0.007 0.001 -0.009 -0.002 0.009 0.003 -0.008 -0.005 0.008 0.006 -0.007 -0.007 0.006 0.008 -0.009 0.003 -0.002 -0.009 0.009 0.001 -0.002 0.009 -0.008 -0.005 0.006 -0.007 0.006 0.008 0.003 -0.009 0.001 0.009 -0.005
0.239 -0.04 -0.269 0.076 0.103 -0.009 0.061 -0.139 -0.135 0.283 0.101 -0.326 -0.015 0.232 -0.049 -0.023 0.152 0.198 -0.156 0.291 -0.178 0.001 0.033 0.19 -0.255 0.239 -0.239 -0.082 0.085 0.108 -0.22 -0.046 -0.017
0.049 -0.051 0.007 0.041 -0.067 0.059 -0.021 -0.029 0.063 -0.065 0.033 0.016 -0.057 0.068 -0.002 0.047 0.054 -0.012 0.066 -0.062 0.024 -0.061 -0.038 -0.01 -0.069 0.049 -0.044 0.068 0.032 -0.03 -0.068 -0.05 0.009
0.113 0.159 0.155 0.148 0.14 0.129 0.116 0.101 0.085 0.067 0.048 0.028 0.008 -0.012 -0.052 -0.07 -0.104 -0.119 -0.142 -0.15 -0.159 -0.16 -0.154 -0.147 -0.126 -0.113 -0.081 -0.063 -0.004 0.056 0.107 0.144 0.159
0.025 -0.006 -0.033 0.018 0.027 -0.027 -0.017 0.033 0.005 -0.035 0.007 0.032 -0.019 -0.026 0.016 -0.033 0.035 -0.008 0.019 0.025 -0.015 0.034 -0.035 0.009 -0.02 -0.025 0.015 -0.034 -0.01 0.024 0.034 0.01 -0.023
0.049 -0.069 0.069 -0.069 0.069 -0.069 0.069 -0.068 0.068 -0.068 0.067 -0.067 0.066 -0.066 -0.064 0.064 0.062 -0.062 -0.06 0.059 0.057 -0.056 -0.054 0.053 0.05 -0.049 -0.047 0.045 -0.041 0.037 -0.032 0.027 -0.022
0.08 0.074 -0.015 -0.089 -0.099 -0.043 0.031 0.075 0.068 0.027 -0.018 -0.045 -0.051 -0.039 0.027 0.063 0.031 -0.038 -0.089 -0.02 0.113 0.079 -0.089 -0.104 0.03 0.08 0.028 -0.023 -0.035 0.058 -0.034 -0.025 0.083
0.001 -0.002 0.002 -0.002 0.002 -0.002 0.002 -0.002 0.002 -0.002 0.002 -0.002 0.002 -0.002 -0.002 0.002 0.002 -0.002 -0.002 0.002 0.002 -0.002 -0.002 0.002 0.001 -0.001 -0.001 0.001 -0.001 0.001 -0.001 0.001 -0.001
0.051 0.064 0.041 0.009 -0.025 -0.054 -0.07 -0.07 -0.055 -0.027 0.007 0.04 0.063 0.072 0.043 0.011 -0.052 -0.069 -0.056 -0.028 0.038 0.062 0.066 0.044 -0.022 -0.051 -0.071 -0.057 0.037 0.066 -0.02 -0.071 0.002
0.16 0.116 -0.075 -0.116 0.011 0.094 -0.014 -0.186 -0.189 -0.002 0.156 0.112 -0.037 -0.061 0.192 0.091 -0.196 -0.069 0.03 -0.116 0.033 0.205 -0.007 -0.101 0.112 0.053 -0.224 -0.091 -0.017 0.194 -0.171 0.052 -0.061
0.097 -0.081 -0.041 0.13 -0.113 0.003 0.109 -0.132 0.048 0.076 -0.137 0.087 0.034 -0.128 -0.01 -0.104 -0.054 -0.07 -0.092 -0.028 -0.12 0.017 -0.135 0.061 -0.136 0.097 -0.122 0.124 0.137 0.135 0.119 0.09 0.051
0.109 -0.104 -0.016 0.125 -0.151 0.078 0.046 -0.141 0.142 -0.05 -0.075 0.151 -0.127 0.02 -0.155 0.107 -0.122 0.152 -0.043 0.139 0.054 0.072 0.129 -0.023 0.154 -0.109 0.12 -0.153 -0.137 -0.068 0.027 0.112 0.153
0.044 0.014 -0.034 0.012 0.05 -0.007 -0.052 -0.003 0.031 -0.027 -0.061 -0.002 0.033 -0.022 0.021 0.051 -0.027 0.038 -0.01 -0.03 0.037 -0.034 0.015 0.019 -0.048 0.021 -0.037 -0.027 -0.022 0.038 0.041 -0.032 -0.059
0.107 -0.102 -0.015 0.122 -0.148 0.077 0.045 -0.138 0.139 -0.049 -0.074 0.148 -0.124 0.019 -0.152 0.104 -0.12 0.149 -0.042 0.136 0.053 0.07 0.127 -0.023 0.151 -0.107 0.117 -0.15 -0.134 -0.067 0.027 0.11 0.15
0.116 0.158 0.139 0.11 0.072 0.029 -0.017 -0.061 -0.1 -0.132 -0.154 -0.164 -0.161 -0.145 -0.083 -0.041 0.049 0.09 0.149 0.162 0.151 0.127 0.053 0.008 -0.08 -0.116 -0.16 -0.164 -0.104 0.025 0.137 0.159 0.076
0.14 0.096 0.1 -0.065 -0.075 -0.191 -0.117 -0.127 0.023 0.052 0.171 0.134 0.145 0.023 -0.14 -0.146 -0.07 0.007 0.153 0.151 0.015 -0.055 -0.143 -0.151 0.008 0.14 0.179 0.06 -0.11 -0.077 0.197 -0.051 -0.123
0.124 0.022 -0.0 -0.022 -0.175 -0.022 0.0 0.022 0.175 0.022 -0.0 -0.022 -0.175 -0.022 0.022 0.175 -0.0 -0.022 -0.022 -0.0 0.175 0.022 -0.022 -0.175 -0.0 0.022 0.022 -0.0 -0.022 0.175 -0.022 -0.0 0.022
0.126 -0.09 -0.086 0.178 -0.094 -0.082 0.178 -0.098 -0.078 0.178 -0.102 -0.074 0.177 -0.105 0.177 -0.109 0.176 -0.113 0.175 -0.116 0.174 -0.119 0.173 -0.123 0.172 -0.126 0.171 -0.129 -0.132 -0.135 -0.138 -0.141 -0.144
0.172 -0.106 -0.15 0.236 -0.055 -0.187 0.217 -0.003 -0.213 0.187 0.049 -0.227 0.148 0.096 0.103 0.136 0.054 0.166 0.005 0.185 -0.04 0.192 -0.08 0.187 -0.11 0.172 -0.131 0.147 0.115 0.08 0.043 0.009 -0.02
0.031 0.01 -0.04 -0.028 0.027 0.04 -0.009 -0.045 -0.011 0.039 0.029 -0.026 -0.041 0.008 0.012 -0.039 0.025 0.041 -0.044 -0.013 0.031 -0.025 0.006 0.044 -0.038 -0.031 0.042 -0.005 0.037 -0.042 0.017 0.022 -0.044
0.132 0.069 -0.038 0.015 -0.041 -0.18 -0.101 0.049 0.018 0.021 0.159 0.13 -0.045 -0.054 -0.13 -0.151 0.088 0.02 0.159 -0.002 -0.04 -0.064 -0.029 0.126 0.04 0.132 -0.125 -0.105 -0.079 0.031 -0.084 -0.032 0.178
0.086 -0.069 -0.039 0.102 -0.07 -0.012 0.06 -0.036 -0.016 0.028 0.014 -0.053 0.03 0.046 0.06 0.042 0.091 0.013 0.091 -0.01 0.056 -0.001 0.007 0.04 -0.022 0.086 -0.015 0.105 0.086 0.05 0.029 0.043 0.082
0.02 0.027 0.024 0.019 0.012 0.005 -0.003 -0.01 -0.017 -0.023 -0.026 -0.028 -0.027 -0.025 -0.014 -0.007 0.008 0.015 0.025 0.028 0.026 0.022 0.009 0.001 -0.014 -0.02 -0.027 -0.028 -0.018 0.004 0.023 0.027 0.013
0.098 -0.011 -0.047 -0.11 0.078 0.067 0.038 -0.117 -0.041 0.043 0.105 -0.014 -0.096 -0.043 0.099 -0.042 -0.055 0.112 -0.007 -0.135 0.053 0.102 -0.057 -0.03 0.018 -0.043 0.042 0.085 -0.076 0.029 0.029 -0.062 0.05
0.031 0.043 0.042 0.041 0.038 0.035 0.032 0.028 0.023 0.018 0.013 0.008 0.002 -0.003 -0.014 -0.019 -0.028 -0.032 -0.039 -0.041 -0.043 -0.044 -0.042 -0.04 -0.035 -0.031 -0.022 -0.017 -0.001 0.015 0.029 0.039 0.044
0.079 0.049 -0.029 -0.006 0.027 -0.042 -0.112 -0.057 0.031 0.017 -0.023 0.035 0.109 0.063 -0.028 0.018 -0.106 -0.069 0.038 -0.012 0.101 0.075 -0.048 0.004 -0.095 -0.079 0.057 0.004 0.083 -0.012 -0.085 0.022 0.086
0.121 -0.121 -0.0 0.121 -0.171 0.121 0.0 -0.121 0.171 -0.121 -0.0 0.121 -0.171 0.121 -0.121 0.171 -0.0 0.121 0.121 0.0 0.171 -0.121 0.121 -0.171 0.0 -0.121 -0.121 -0.0 0.121 0.171 0.121 0.0 -0.121
0.124 0.124 0.0 -0.124 -0.176 -0.124 -0.0 0.124 0.176 0.124 0.0 -0.124 -0.176 -0.124 0.124 0.176 0.0 -0.124 -0.124 -0.0 0.176 0.124 -0.124 -0.176 -0.0 0.124 0.124 0.0 -0.124 0.176 -0.124 -0.0 0.124
0.054 -0.056 0.008 0.045 -0.075 0.066 -0.023 -0.032 0.07 -0.072 0.037 0.017 -0.062 0.076 -0.002 0.052 0.06 -0.013 0.073 -0.068 0.026 -0.067 -0.042 -0.012 -0.076 0.054 -0.048 0.075 0.035 -0.034 -0.075 -0.055 0.01
0.079 -0.11 0.108 -0.103 0.097 -0.09 0.081 -0.07 0.059 -0.046 0.033 -0.02 0.006 0.008 0.036 -0.049 -0.072 0.082 0.098 -0.104 -0.111 0.111 0.107 -0.102 -0.088 0.079 0.056 -0.044 0.003 0.039 -0.074 0.1 -0.111
0.013 -0.006 -0.014 0.015 0.004 -0.018 0.007 0.013 -0.016 -0.003 0.018 -0.008 -0.012 0.016 -0.017 0.009 -0.017 -0.0 -0.011 -0.01 -0.001 -0.017 0.009 -0.017 0.016 -0.013 0.018 -0.004 0.007 0.015 0.018 0.015 0.007
0.018 0.018 0.0 -0.018 -0.025 -0.018 -0.0 0.018 0.025 0.018 0.0 -0.018 -0.025 -0.018 0.018 0.025 0.0 -0.018 -0.018 -0.0 0.025 0.018 -0.018 -0.025 -0.0 0.018 0.018 0.0 -0.018 0.025 -0.018 -0.0 0.018
0.087 -0.07 -0.042 0.115 -0.085 -0.018 0.1 -0.088 -0.006 0.095 -0.096 0.006 0.093 -0.113 0.079 -0.123 0.052 -0.115 0.03 -0.103 0.019 -0.101 0.005 -0.101 -0.022 -0.087 -0.05 -0.061 -0.041 -0.031 -0.017 0.011 0.039
0.102 -0.034 -0.074 -0.013 0.056 0.083 -0.131 -0.018 0.075 0.034 -0.024 -0.119 0.095 0.065 -0.047 -0.017 -0.043 -0.097 0.047 0.058 -0.016 0.11 -0.034 -0.091 0.071 -0.102 0.01 0.108 0.076 -0.106 -0.038 0.083 -0.004
0.015 -0.015 -0.002 0.018 -0.021 0.011 0.007 -0.02 0.02 -0.007 -0.011 0.021 -0.018 0.003 -0.022 0.015 -0.017 0.022 -0.006 0.02 0.008 0.01 0.018 -0.003 0.022 -0.015 0.017 -0.022 -0.019 -0.01 0.004 0.016 0.022
0.018 0.003 -0.025 -0.009 0.022 0.015 -0.018 -0.02 0.013 0.023 -0.008 -0.025 0.001 0.025 -0.024 -0.011 0.016 -0.017 0.012 0.024 -0.025 -0.001 0.007 -0.023 0.02 0.018 -0.022 0.01 -0.025 0.009 0.019 -0.023 -0.002
0.11 0.092 -0.047 -0.148 -0.128 -0.004 0.123 0.15 0.054 -0.086 -0.156 -0.099 0.039 0.145 0.012 -0.118 -0.062 0.079 0.105 -0.031 -0.136 -0.02 0.154 0.069 -0.154 -0.11 0.138 0.14 -0.155 0.153 -0.135 0.102 -0.058
0.044 -0.058 0.046 -0.026 0.003 0.02 -0.041 0.056 -0.062 0.06 -0.05 0.032 -0.01 -0.014 -0.052 0.061 0.053 -0.037 0.008 -0.03 -0.06 0.063 0.042 -0.022 0.025 -0.044 -0.063 0.059 -0.005 -0.055 0.051 0.013 -0.061
0.171 -0.184 0.051 0.059 -0.069 -0.026 0.151 -0.21 0.153 -0.016 -0.107 0.133 -0.05 -0.073 -0.088 -0.046 -0.207 0.129 -0.076 0.043 -0.204 0.239 0.024 0.07 -0.052 0.171 0.129 0.013 -0.025 -0.066 -0.199 -0.079 -0.22
0.061 -0.032 -0.063 0.079 0.004 -0.082 0.057 0.04 -0.086 0.024 0.069 -0.075 -0.013 0.085 -0.048 0.085 -0.074 0.07 -0.086 0.042 -0.083 0.007 -0.064 -0.03 -0.034 -0.061 0.002 -0.082 -0.087 -0.076 -0.051 -0.017 0.02
0.089 0.064 -0.061 -0.126 -0.067 0.059 0.126 0.07 -0.056 -0.126 -0.072 0.053 0.126 0.075 -0.126 -0.077 0.125 0.08 -0.125 -0.082 0.124 0.085 -0.123 -0.087 0.122 0.089 -0.122 -0.092 0.094 -0.096 0.098 -0.1 0.102
0.204 -0.045 0.239 0.041 0.119 0.163 -0.008 0.252 -0.076 0.255 -0.052 0.165 0.045 0.025 -0.095 0.209 0.169 -0.087 0.019 -0.095 -0.193 0.134 0.062 -0.121 -0.007 -0.204 -0.265 0.063 -0.123 -0.266 0.024 -0.074 -0.264
0.064 -0.06 -0.009 0.072 -0.088 0.046 0.027 -0.082 0.083 -0.029 -0.044 0.088 -0.074 0.011 -0.09 0.062 -0.071 0.088 -0.025 0.081 0.031 0.042 0.075 -0.014 0.09 -0.064 0.07 -0.089 -0.08 -0.04 0.016 0.065 0.089
0.077 0.014 -0.106 -0.04 0.095 0.065 -0.079 -0.085 0.058 0.099 -0.033 -0.107 0.006 0.109 -0.103 -0.048 0.071 -0.073 0.051 0.102 -0.109 -0.003 0.03 -0.1 0.086 0.077 -0.094 0.043 -0.109 0.038 0.081 -0.098 -0.008
0.014 -0.017 0.009 0.0 -0.01 0.017 -0.019 0.016 -0.008 -0.001 0.011 -0.017 0.019 -0.015 0.002 -0.012 -0.019 0.015 -0.003 0.013 0.019 -0.014 0.004 -0.013 -0.019 0.014 -0.005 0.014 -0.013 -0.015 0.012 0.015 -0.011
0.084 0.095 0.035 -0.038 -0.097 -0.118 -0.094 -0.033 0.041 0.099 0.118 0.092 0.03 -0.044 -0.118 -0.09 0.047 0.102 0.088 0.024 -0.103 -0.117 -0.021 0.052 0.117 0.084 -0.055 -0.106 -0.015 0.116 -0.06 -0.077 0.11
0.102 -0.14 0.129 -0.112 0.088 -0.06 0.029 0.004 -0.036 0.067 -0.094 0.116 -0.132 0.142 0.138 -0.126 -0.082 0.053 -0.011 0.043 0.099 -0.12 -0.143 0.143 0.122 -0.102 -0.047 0.015 0.079 -0.137 0.134 -0.07 -0.025
0.083 0.052 -0.067 -0.112 -0.041 0.076 0.113 0.026 -0.089 -0.105 -0.012 0.094 0.102 -0.003 -0.091 0.018 0.085 -0.031 -0.071 0.046 0.062 -0.057 -0.047 0.071 0.035 -0.08 -0.02 0.092 -0.097 0.107 -0.108 0.115 -0.113
0.211 -0.103 -0.115 0.062 -0.083 0.219 -0.059 -0.24 0.194 -0.002 0.025 0.011 -0.24 0.215 -0.181 0.059 0.122 0.152 0.057 0.089 0.122 -0.242 0.246 -0.145 -0.07 -0.038 -0.175 -0.118 0.158 0.26 0.005 0.037 -0.042
