-10.46373 19.6334 -7.00413 -1.0054 0.58025 -6.06916 2.1584 1.05679 -0.58493 1.45935 0.26792 -0.29487 0.41095 -0.04603 0.19113 0.15507 -0.69299 0.03615 0.47946 0.00604
-11.95531 19.86815 -6.43866 -1.40886 0.49917 -6.41825 2.32378 0.77356 -0.44169 1.42589 0.26272 -0.37847 0.46042 -0.04898 0.23932 0.18011 -0.68045 0.12744 0.49196 0.01633
-51.92171 28.51531 -1.97692 -3.59996 0.57047 -5.8179 2.96349 0.47559 -0.33089 1.55577 0.20595 -0.54064 0.60504 -0.07083 0.25798 0.33068 -0.71232 0.32574 0.56833 0.09995
2.80235 31.89898 -11.19591 -6.87292 2.8585 -5.80204 2.06231 -0.03093 0.16483 1.76095 0.3488 -0.66129 0.55615 -0.14258 0.08702 0.27352 -0.72892 0.42181 0.57218 0.18499
52.98456 25.1102 -20.71849 0.05146 0.68905 -3.84879 1.83679 -0.86936 0.02909 1.87677 0.59945 -1.07915 0.54089 -0.08301 0.19135 0.09418 -0.74517 0.45898 0.65078 0.29156
63.98404 19.63101 -24.71296 6.96618 -1.27873 -4.00036 1.8468 -1.63893 0.58537 1.3406 1.37306 -1.35529 0.85194 -0.09589 0.20337 -0.10863 -0.72818 0.23428 0.65574 0.60699
51.87862 15.42957 -26.14065 8.02218 -4.93983 -4.12867 0.82706 -1.86986 1.15387 0.54721 2.1429 -1.51157 0.98171 -0.26344 0.25275 -0.07624 -0.86688 0.26829 0.46935 0.73342
34.00835 15.35734 -25.20026 6.4209 -5.09579 -5.37544 1.47661 -2.51768 1.57132 0.62998 2.27136 -1.38421 1.05874 -0.43357 0.40176 -0.05775 -0.69129 0.12986 0.45889 0.6717
14.11653 6.54846 -17.68125 5.13944 -3.07563 -5.67942 2.25744 -2.41814 2.06858 1.05408 2.07617 -0.89772 0.9035 -0.31626 0.38118 -0.08288 -0.38462 -0.03873 0.49357 0.529
-7.53332 5.15583 -17.75838 4.03732 -0.63593 -5.44288 2.97127 -2.68406 3.12113 1.06957 1.77612 -0.77603 0.96243 -0.24039 0.41019 0.21463 -0.61287 0.15378 0.33343 0.47409
-26.34244 8.86303 -16.33598 -0.27439 0.40591 -4.17111 2.89548 -2.70912 3.40583 1.08814 1.82866 -0.83309 0.92366 -0.17063 0.28572 0.53257 -0.80024 0.29325 0.15835 0.45897
-22.48006 6.05392 -11.59067 -4.7573 -1.82836 -3.47757 3.26067 -3.03132 2.7135 0.56682 1.90286 -1.21883 0.71392 -0.14758 -0.12028 0.54745 -0.68414 0.63263 -0.21304 0.40627
-28.67816 0.40834 -8.67563 -3.13462 -0.81877 -3.66461 2.91423 -3.2412 3.31894 0.32847 1.85639 -1.57392 0.54879 -0.17988 -0.09906 0.68344 -0.85444 0.74496 -0.13189 0.31892
-15.03248 4.36142 -1.88467 -1.0067 -0.63094 -3.84779 2.48668 -3.44449 2.79445 0.29268 1.99442 -1.13445 0.35319 -0.03548 -0.13368 0.5955 -0.77913 0.80092 0.14288 0.45081
-3.47175 -0.38894 0.53872 2.57462 0.54945 -3.2605 -0.36093 -3.16224 2.48355 0.76689 1.26989 -1.02167 0.44311 -0.00963 -0.10272 0.73213 -0.73281 0.51847 0.12734 0.60463
11.89182 0.47003 4.5117 5.98027 -0.36407 -3.65802 -0.7704 -3.35094 2.44317 0.06273 2.45896 -1.81928 0.64685 -0.12089 -0.24674 0.20294 -0.30216 0.54978 0.17058 1.05214
13.95076 0.06111 5.0752 7.03494 0.36127 -3.24385 -0.95546 -2.79112 2.03955 0.27908 2.32125 -1.81897 0.55557 -0.11028 -0.13434 0.00647 -0.42405 0.75401 0.31721 0.78813
18.06625 -4.01382 2.86868 8.90528 0.32182 -5.43402 -2.27359 -1.86811 1.90785 -0.00196 2.61207 -2.28985 0.48881 -0.15295 -0.19732 0.01536 -0.7366 0.84331 0.22386 0.60617
16.97954 -9.01307 3.18655 8.44739 0.52644 -5.00327 -2.73562 -1.08704 1.50324 0.5644 2.39918 -2.63653 0.42621 -0.05703 -0.14233 0.07388 -0.90058 0.74344 0.26934 0.51031
17.3255 7.19143 7.22279 8.25149 0.33217 -5.52591 -1.57404 -0.85072 0.50232 0.07182 2.18263 -2.4525 0.52895 -0.15439 -0.02321 -0.22527 -0.86029 0.29059 0.59319 0.59545
11.48745 11.51423 9.47544 8.1582 -0.75311 -4.60211 -3.37941 -1.50006 0.14446 -0.11173 2.46938 -1.91195 0.13045 0.09815 -0.0375 -0.75583 -0.62074 0.18962 0.57312 0.56081
20.9113 11.44732 9.11711 9.54859 -0.89336 -7.51026 -3.59416 -1.63625 1.31211 0.42999 2.44259 -2.52541 0.19942 0.15647 0.05775 -0.26737 -1.10299 0.35596 0.66495 0.70465
19.00105 2.55699 5.79034 11.29258 -0.48049 -7.06402 -4.15311 -1.12651 0.90724 0.88503 2.88637 -2.31024 -0.13413 0.208 -0.08047 0.0252 -1.22594 0.52066 0.85972 0.70268
8.41416 19.23289 3.21499 5.39636 -3.09192 -7.95897 -2.00983 -2.6701 2.13581 0.47045 3.4449 -2.51944 0.36647 -0.33974 -0.12624 -0.07723 -1.30377 0.49221 0.91411 0.83478
5.67131 21.17761 -4.62697 9.77375 -0.07706 -9.54045 -1.47425 -2.93123 1.67403 1.14108 4.07168 -2.04771 0.6927 -0.45569 0.12349 -0.15794 -1.3171 0.03962 1.09613 0.8393
27.3716 22.58352 -13.75393 10.71453 -4.56703 -6.99296 -1.84474 -4.05208 1.11545 2.21727 5.05231 -2.15 0.53745 -0.41602 0.14714 -0.08165 -1.57947 0.25692 1.07225 1.01451
31.05135 25.30498 -10.23508 11.27882 -3.96661 -6.89802 -2.12713 -3.85891 1.27456 2.41597 5.09899 -2.07232 0.66605 -0.21479 0.01638 -0.18314 -1.47618 0.26562 1.0408 1.02726
64.3621 11.72044 -7.37002 7.22101 -1.71808 -8.27611 -1.5787 -4.60383 1.46618 2.29215 4.63475 -2.12754 0.80006 -0.04384 0.05554 -0.26471 -1.54893 0.32654 0.77478 1.0908
60.37078 21.62486 -7.99271 6.21816 -2.36801 -9.0384 -1.40787 -3.77008 0.7553 2.31664 3.80596 -2.9436 0.63782 0.05826 0.23487 -0.52342 -1.52718 0.39335 0.608 1.19366
48.51541 25.31768 -13.46259 4.98399 -2.08885 -8.3597 -1.26057 -3.51214 0.51385 2.16556 4.05059 -2.86527 0.90299 0.04439 -0.14369 -0.5807 -1.4394 0.39449 0.63235 1.17827
46.23394 39.17277 -14.38031 3.47281 -2.97799 -8.27136 -1.30988 -4.50809 0.13795 2.46179 4.3578 -2.73681 0.65719 -0.22244 -0.13902 -0.54559 -1.32223 0.27377 0.64152 1.35659
33.93894 43.7782 -13.71191 1.16074 -3.69879 -10.47159 -2.34189 -4.601 0.63826 2.57132 4.54217 -2.74531 0.32734 -0.03278 0.10515 -0.46637 -1.14131 0.3789 0.50856 1.32023
28.59782 44.18759 -14.59334 1.74227 -4.61758 -9.94405 -1.6182 -4.36902 0.23332 2.29978 4.36024 -3.27307 0.87175 -0.13515 -0.13254 -0.64479 -1.07418 0.41867 0.51139 1.14855
35.49513 52.05203 -13.9996 6.54112 -5.27349 -12.52001 -2.62913 -4.68754 0.39952 2.64953 4.81635 -3.6144 0.54008 0.62859 0.2639 -0.57154 -0.92262 0.02339 0.26407 1.06976
44.35524 71.3787 -13.82658 9.49011 -4.3656 -12.84918 -1.14597 -4.80106 -0.32933 2.2217 4.48234 -3.72022 0.74671 0.58821 0.70347 -0.33599 -0.96529 -0.06782 0.1107 0.70393
54.06986 76.73274 -17.58104 4.88198 -3.03903 -13.57404 -1.35705 -3.73161 -0.49938 2.41545 4.38979 -3.26627 0.55105 0.73241 0.75078 -0.26823 -1.06257 -0.22941 0.32196 0.74661
30.08868 67.75599 -16.23571 -1.55013 -0.6108 -10.83446 -0.4133 -2.60263 0.68886 3.52948 4.94099 -2.65291 0.93603 0.85263 0.81812 -0.59997 -1.1368 -0.25468 0.40737 0.86324
6.92712 82.02503 -3.88804 1.19644 -2.05875 -11.79332 1.69969 -3.61843 0.31689 3.88857 4.59128 -2.28921 0.93558 0.9442 0.67652 -0.26144 -1.21495 0.07009 0.57259 0.74935
-38.37466 67.96394 -7.99567 2.84955 -2.83714 -12.36866 1.19348 -3.16202 -0.87812 4.51053 3.88589 -1.58787 0.47676 0.4641 0.70041 -0.03422 -1.37655 0.27918 0.61653 1.07285
-16.25362 54.5065 -9.49962 4.4933 3.34129 -14.88722 4.51985 -1.58846 -1.04117 3.90707 3.2308 -2.3309 0.5786 0.92776 0.69158 -0.08269 -1.64251 0.61336 0.68209 1.05248
-23.23575 39.3687 -9.4859 2.27194 3.13554 -15.59629 2.61912 -1.80299 -0.61954 3.81543 2.78517 -1.59134 0.56404 0.6643 0.49144 -0.10587 -1.85622 0.48676 0.6505 1.07786
-19.67903 34.32538 -11.29334 3.52255 3.86389 -13.19548 2.32907 -1.77483 -0.61228 3.17001 2.78333 -2.42925 0.77512 0.38413 0.24219 0.03428 -1.8155 0.49101 0.65119 1.19591
-23.41545 29.93016 -13.04929 4.1709 4.10144 -13.43599 2.36737 -3.17631 -1.2506 3.08675 3.41112 -2.0084 0.60789 0.57984 0.4595 0.03712 -1.57675 0.27346 0.59253 1.18599
-36.13609 36.96035 -13.68082 3.75121 3.00324 -15.08205 2.00051 -3.04098 -0.75466 2.53343 3.15801 -2.72318 0.44003 0.44681 0.28893 -0.16405 -1.61934 0.38577 0.50274 1.05878
-40.11813 42.25464 -14.07209 1.3321 1.5509 -15.9929 2.01955 -3.25143 -0.62483 3.21329 3.03876 -2.7998 0.37385 0.42142 0.32211 -0.2169 -1.49786 0.30325 0.47607 1.13775
-43.0981 47.56866 -13.65407 -0.54076 -0.20418 -17.48918 1.92493 -2.21454 -0.79524 3.28352 2.94468 -2.9658 0.13971 0.63901 0.16496 0.00695 -1.66873 0.11058 0.51718 1.03454
-37.74044 51.44314 -12.74229 1.84832 1.07966 -18.00451 1.06837 -2.40313 -1.08255 3.84283 2.05606 -2.83668 0.09644 0.69648 0.32241 0.00032 -1.70678 -0.06284 0.55072 0.96598
-35.59469 46.52687 -15.65339 -0.30264 -0.52957 -15.95243 1.31774 -1.60313 -1.30712 3.6202 2.42549 -2.85547 0.10956 0.63323 0.43323 -0.05951 -1.58801 0.15702 0.52816 0.697
-33.5609 49.14649 -14.57748 0.11569 -0.93629 -13.77679 1.34903 -2.31907 -1.67025 3.91609 2.51687 -2.66216 0.21342 0.75936 0.3105 0.07133 -1.62334 0.05569 0.47969 0.8659
-29.14203 49.80384 -13.93244 0.43532 -2.62751 -12.25755 1.15598 -1.90555 -1.9283 3.56988 3.20805 -2.86327 0.28754 0.49479 0.42191 0.07552 -1.65615 0.19825 0.58336 0.7877
-33.05176 47.01811 -14.05119 1.26939 -2.23317 -10.88272 1.25955 -2.73147 -1.69593 3.7262 3.21939 -2.98136 0.28804 0.43657 0.43493 -0.05298 -1.71061 0.27421 0.75735 0.76424
-18.70963 49.73892 -12.73487 0.16599 -0.76934 -9.61503 0.94353 -4.23538 -1.85447 3.62922 3.59377 -2.97383 0.34804 0.25667 0.31122 -0.10505 -1.69455 0.14349 0.99483 0.68655
-2.33138 59.46935 -17.95732 -2.29943 -0.34504 -8.97004 -0.63796 -4.78056 -1.12386 3.95592 3.81512 -3.14245 0.52898 0.31298 0.2188 -0.39115 -1.60506 0.02133 1.158 0.6847
61.46365 41.64644 -23.07872 2.44666 -4.00756 -12.31694 -1.44406 -5.49617 -0.25957 3.44609 3.91634 -2.96575 0.04994 0.22323 -0.0688 -0.53053 -1.60334 0.05817 0.98332 0.82767
6.17438 27.34654 -19.57747 8.21106 -6.51083 -9.98278 -1.44768 -5.27282 0.44884 3.1359 4.021 -3.03962 0.20004 0.07676 0.05105 -0.45363 -1.75507 0.15474 0.96759 0.7145
-8.88687 20.37469 -10.4986 5.72097 -5.07702 -9.29011 -2.23043 -5.03608 0.98815 3.03863 4.08847 -2.70682 0.1811 0.18636 -0.02215 -0.44591 -1.70597 0.03196 0.99751 0.76647
-22.39953 34.55637 -2.7064 2.85574 -3.17677 -11.06819 -0.75373 -5.74308 1.01852 2.01401 4.63876 -3.17767 0.39125 -0.21224 -0.06587 -0.41146 -1.60589 0.06418 0.98877 0.87887
-8.55968 25.71195 3.31656 2.06492 -4.18875 -10.56037 -2.82032 -5.68851 1.75288 1.23277 5.0226 -3.38468 0.41507 -0.1825 -0.29645 -0.80061 -1.58403 0.37677 0.75805 1.00334
1.81824 21.12842 8.30303 8.15909 -2.55967 -10.20245 -4.23398 -5.71326 1.13043 2.22772 5.33193 -2.99767 0.02705 -0.53482 -0.28606 -0.58996 -1.46701 0.57909 1.0546 1.05658
22.02318 20.14296 10.43 9.36236 -3.70764 -11.01237 -6.01019 -3.59147 -0.08282 2.16038 5.40077 -2.78734 -0.15554 -0.42349 -0.31718 -0.43194 -1.72378 0.40771 1.12493 0.99698
24.65112 23.49564 7.5764 8.17293 -4.1315 -11.34884 -5.07621 -2.8022 -0.35569 2.60226 5.56358 -3.17648 -0.14489 -0.74577 0.00229 -0.60808 -1.53116 0.1538 1.11564 1.11358
29.68076 35.23836 9.54882 6.68893 -4.4381 -10.78645 -5.19452 -2.40633 -0.55535 1.65412 4.80732 -2.71005 0.22727 -0.46152 -0.13775 -1.06999 -1.74267 0.00644 1.10619 1.24097
23.36776 29.44987 9.09423 5.63492 -2.59142 -9.22095 -2.55157 -0.04481 -0.62424 1.70205 2.55099 -2.02594 0.65455 -0.28154 -0.72556 -0.90504 -1.34223 0.36322 0.89513 0.75562
-0.37151 20.2036 3.66281 3.87993 1.24427 -5.02973 -0.15339 -0.27788 0.15843 1.70893 1.56008 -1.62926 0.60518 0.09061 0.07689 -0.76535 -1.48948 0.31609 0.95863 0.21096
9.85641 15.30583 0.07344 1.57726 0.39546 -3.02718 1.08266 1.07069 0.59049 0.94234 0.80771 -0.77839 0.53337 0.36467 0.04363 -0.44783 -1.27664 0.11504 0.83794 0.34633
6.60421 14.2155 -0.84255 2.60827 0.94638 -4.02925 0.19074 0.78172 -0.10727 1.10509 1.24842 -0.58466 0.75317 1.00214 -0.24415 -0.30947 -0.92574 -0.21128 0.35173 0.34949
5.06172 11.46858 0.39206 0.64394 0.02681 -2.18055 -0.13335 -0.34002 0.07521 0.71964 1.02392 -0.55404 0.33546 0.37505 0.18502 -0.02692 -0.40496 0.00991 0.03362 0.04664
