-0.002 -0.005 -0.015 0.0 0.0 -0.006 0.001 0.0 0.0 -0.002 0.0 -0.007 -0.007 0.0 -0.001 0.009 0.0
-0.024 0.104 -0.011 0.0 0.0 -0.015 -0.006 0.0 0.0 -0.008 -0.01 -0.005 -0.006 0.0 -0.0 0.008 0.0
0.0 0.0 0.0 0.0 0.0 0.0 0.0 0.0 0.0 0.0 0.0 0.0 0.0 0.0 0.0 0.0 0.0
0.008 0.014 0.009 0.0 0.0 0.006 -0.01 0.0 0.0 0.008 -0.023 0.004 0.004 0.0 0.0 0.003 0.0
0.001 -0.001 0.001 0.0 0.0 0.0 0.0 0.0 0.0 0.0 0.001 0.142 0.0 0.0 0.0 0.0 0.0
-0.352 0.234 0.019 0.0 0.0 -0.774 0.0 0.0 0.0 0.018 -0.012 0.01 0.014 0.0 0.001 0.349 0.0
-0.033 -0.03 0.067 0.0 0.0 -0.038 0.001 0.0 0.0 -0.382 -0.0 0.045 0.186 0.0 0.003 -0.02 0.0
-0.205 -0.032 -0.012 0.0 0.0 -0.008 0.162 0.0 0.0 -0.01 -0.58 -0.005 -0.005 0.0 -0.001 -0.004 0.0
-0.045 -0.022 -0.021 0.0 0.0 -0.034 0.001 0.0 0.0 -0.017 0.001 -0.011 -0.011 0.0 -0.001 0.025 0.0
0.0 0.0 0.0 0.0 0.105 0.0 0.0 0.0 0.0 0.0 0.0 0.0 0.0 0.0 0.0 0.0 0.0
0.14 0.084 0.098 0.0 0.0 0.062 -0.027 0.0 0.0 0.102 -0.061 0.046 0.038 0.0 0.004 0.033 0.0
-0.052 -0.053 -0.087 0.0 0.0 -0.063 0.005 0.0 0.0 -0.031 0.006 -0.071 -0.069 0.0 -0.019 0.003 0.0
-0.049 -0.022 -0.02 0.0 0.0 -0.039 -0.001 0.0 0.0 -0.015 -0.003 -0.011 -0.012 0.0 -0.001 0.034 0.0
0.0 0.0 0.0 0.0 0.0 0.0 0.0 0.0 0.0 0.0 0.0 0.0 0.0 0.0 0.0 0.0 0.0
-0.063 0.058 0.143 0.0 0.0 0.065 -0.007 0.0 0.0 -0.001 -0.001 0.064 0.104 0.0 0.007 0.019 0.0
-0.002 -0.007 -0.023 0.0 0.0 -0.009 0.001 0.0 0.0 -0.003 0.001 -0.01 -0.01 0.0 -0.001 0.013 0.0
0.0 0.0 0.0 0.0 0.0 0.0 0.0 0.0 0.0 0.0 0.0 0.0 0.0 0.047 0.0 0.0 0.0
0.003 0.003 -0.011 0.0 0.0 0.003 -0.0 0.0 0.0 0.009 0.0 -0.009 0.029 0.0 -0.0 0.002 0.0
0.009 0.005 0.006 0.0 0.0 0.004 -0.002 0.0 0.0 0.007 -0.004 0.003 0.002 0.0 0.0 0.002 0.0
-0.117 -1.122 -0.049 0.0 0.0 -0.034 -0.064 0.0 0.0 -0.034 -0.107 -0.02 -0.02 0.0 -0.002 -0.031 0.0
-0.0 -0.0 -0.0 0.0 0.0 -0.0 0.295 0.0 0.0 -0.0 -0.0 -0.0 -0.0 0.0 -0.262 -0.0 0.0
0.216 0.092 0.056 0.0 0.0 0.168 0.002 0.0 0.0 0.044 0.01 0.03 0.036 0.0 0.002 -0.036 0.0
0.015 0.029 0.019 0.0 0.0 0.013 -0.019 0.0 0.0 0.016 -0.046 0.009 0.008 0.0 0.001 0.006 0.0
0.0 0.0 0.0 0.0 0.0 0.0 0.0 0.0 0.0 0.0 0.0 0.0 0.0 0.0 0.0 0.0 0.0
-0.035 -0.015 -0.246 0.0 0.0 -0.021 0.0 0.0 0.0 -0.033 0.0 -0.073 -0.028 0.0 -0.015 -0.019 0.0
0.0 0.0 0.0 0.0 0.0 0.0 0.0 0.0 0.0 0.0 0.0 0.0 0.0 0.0 0.0 0.0 0.0
-0.022 -0.019 0.044 0.0 0.0 -0.025 0.001 0.0 0.0 -0.251 -0.0 0.029 0.122 0.0 0.002 -0.013 0.0
0.4 -0.032 0.024 0.0 0.0 -0.038 0.002 0.0 0.0 -0.245 -0.036 0.02 0.124 0.0 0.001 -0.014 0.0
-0.024 0.038 -0.013 0.0 0.0 -0.01 -0.01 0.0 0.0 -0.01 -0.017 0.022 -0.006 0.0 -0.001 -0.005 0.0
0.001 -0.002 0.001 0.0 0.0 0.0 0.0 0.0 0.0 0.0 0.001 0.149 0.0 0.0 0.0 0.0 0.0
0.02 -0.081 -0.0 0.0 0.0 0.029 -0.001 0.0 0.0 -0.0 -0.001 -0.0 -0.001 0.0 -0.0 0.04 0.0
0.001 -0.001 0.001 0.0 0.0 0.0 0.0 0.0 0.0 0.0 0.001 0.146 0.0 0.0 0.0 0.0 0.0
-0.409 0.273 0.022 0.0 0.0 -0.9 0.001 0.0 0.0 0.021 -0.014 0.012 0.016 0.0 0.001 0.406 0.0
0.011 0.01 -0.04 0.0 0.0 0.013 -0.0 0.0 0.0 0.032 0.0 -0.031 0.103 0.0 -0.001 0.007 0.0
-0.026 -0.036 -0.352 0.0 0.0 -0.046 -0.521 0.0 0.0 -0.041 0.001 -0.11 -0.065 0.0 -0.11 -0.03 0.0
-0.023 0.045 -0.012 0.0 0.0 -0.009 -0.01 0.0 0.0 -0.01 -0.017 -0.001 -0.005 0.0 -0.001 -0.005 0.0
-0.159 -0.193 -0.076 0.0 0.0 -0.053 -0.094 0.0 0.0 -0.06 -0.163 -0.029 -0.032 0.0 -0.003 -0.028 0.0
0.017 0.001 0.002 0.0 0.0 0.001 -0.0 0.0 0.0 -0.003 -0.002 0.001 0.0 0.0 0.0 0.002 0.0
-0.166 -0.056 0.278 0.0 0.0 -0.051 0.104 0.0 0.0 -0.082 -0.366 0.391 -0.143 0.0 0.009 -0.029 0.0
-0.056 0.633 -0.028 0.0 0.0 -0.02 0.161 0.0 0.0 -0.022 -0.054 -0.01 -0.012 0.0 -0.172 -0.01 0.0
-0.07 0.046 0.004 0.0 0.0 -0.153 0.0 0.0 0.0 0.003 -0.002 0.002 0.003 0.0 0.0 0.069 0.0
-1.11 -0.002 -0.005 0.0 0.0 -0.002 0.0 0.0 0.0 0.005 0.1 -0.002 -0.001 0.0 -0.0 0.0 0.0
0.059 0.025 0.015 0.0 0.0 0.046 0.001 0.0 0.0 0.012 0.003 0.008 0.01 0.0 0.001 -0.01 0.0
0.006 0.006 -0.029 0.0 0.0 0.009 0.0 0.0 0.0 0.027 0.001 -0.021 0.158 0.0 -0.001 0.005 0.0
0.0 -0.0 0.0 0.0 0.0 0.0 -1.238 0.0 0.0 0.0 0.0 0.0 0.0 0.0 -0.21 0.0 0.0
-0.043 -0.061 -0.598 0.0 0.0 -0.078 0.004 0.0 0.0 -0.07 0.001 -0.187 -0.111 0.0 -0.036 -0.05 0.0
-0.0 -0.0 -0.0 0.0 0.0 -0.0 0.326 0.0 0.0 -0.0 -0.0 -0.0 -0.0 0.0 -0.29 -0.0 0.0
0.0 0.0 0.0 0.0 0.0 0.0 0.0 0.0 0.0 0.0 0.0 0.0 0.0 0.0 0.0 0.0 0.0
-0.01 -0.019 -0.004 0.0 0.0 -0.003 -0.01 0.0 0.0 -0.003 -0.015 -0.002 -0.002 0.0 -0.0 -0.001 0.0
-0.006 -0.009 -0.086 0.0 0.0 -0.011 0.001 0.0 0.0 -0.01 0.0 -0.027 -0.016 0.0 -0.005 -0.007 0.0
-0.034 0.061 -0.019 0.0 0.0 -0.013 -0.014 0.061 0.0 -0.014 -0.025 0.002 -0.008 0.0 -0.001 -0.007 0.0
0.089 0.054 0.063 0.0 0.0 0.04 -0.017 0.37 0.0 0.065 -0.039 0.029 0.024 0.0 0.003 0.021 0.0
0.0 -0.0 0.0 0.0 0.0 0.0 0.0 0.0 0.0 0.0 0.0 0.021 0.0 0.0 0.0 0.0 0.0
-0.046 -0.018 -0.026 0.0 0.0 -0.015 0.004 0.0 0.0 -0.037 0.011 -0.012 -0.009 0.0 -0.001 -0.008 0.0
0.004 0.029 0.091 0.0 0.0 0.035 -0.003 0.0 0.0 0.013 -0.002 0.039 0.039 0.0 0.004 0.034 0.0
0.0 0.0 0.0 0.0 0.0 0.0 0.0 0.0 0.0 0.0 0.0 0.0 0.0 0.0 0.0 0.0 0.0
0.04 -0.058 0.022 0.0 0.0 0.016 0.015 0.0 0.0 0.017 0.028 0.107 0.01 0.0 0.001 0.008 0.0
-0.008 -0.02 -0.003 0.0 0.0 -0.002 -0.007 0.0 0.0 -0.003 -0.011 -0.001 -0.001 0.0 -0.0 -0.001 0.0
-0.059 0.053 0.133 0.0 0.0 0.06 -0.007 0.0 0.0 -0.001 -0.001 0.059 0.097 0.0 0.006 0.018 0.0
-0.086 -0.038 -0.031 0.0 0.0 -0.068 -0.001 0.0 0.0 -0.023 -0.005 -0.016 -0.019 0.0 -0.001 -0.035 0.0
0.001 -0.001 0.0 0.0 0.0 0.0 0.0 0.0 0.0 0.0 0.0 0.086 0.0 0.0 0.0 0.0 0.0
-0.199 -0.076 -0.111 0.0 0.0 -0.066 0.019 0.0 0.0 -0.16 0.048 -0.051 -0.04 0.0 -0.005 -0.036 0.0
0.0 0.0 0.0 0.0 0.0 0.0 0.0 0.0 0.119 0.0 0.0 0.0 0.0 0.0 0.0 0.0 0.0
-0.04 -0.039 0.313 0.0 0.0 -0.05 0.002 0.0 0.0 -0.082 0.0 0.432 -0.152 0.0 0.01 -0.028 0.0
0.0 0.0 0.0 0.0 0.0 0.0 0.0 0.0 0.0 0.0 0.0 0.0 0.0 0.0 0.0 0.0 0.0
-0.015 0.022 0.013 0.0 0.0 0.006 -0.002 0.0 0.0 -0.002 -0.001 0.006 -0.36 0.0 0.001 0.002 0.0
-0.012 -0.001 -0.002 0.0 0.0 -0.001 -1.272 0.0 0.0 0.002 0.001 -0.001 -0.0 0.0 -0.216 -0.01 0.0
