41.74113 25.05934 1.86208 3.9229 3.52667 5.63596 0.56785 1.78661 1.34076 -1.53127 0.09915 2.09894 0.41614 -0.14939 -0.52866 -0.13472 0.08217 0.65211 0.12874 -0.33771 -0.17943 0.21577 0.26075 -0.40427 0.40404 -0.10274 -0.1015 -0.39371 0.15771
47.19847 14.38907 10.63357 5.89119 1.0988 6.58817 1.25783 2.42476 0.67577 -1.55403 -0.7078 2.08209 0.41313 0.11831 -0.4872 -0.10566 -0.01833 0.52331 -0.19634 -0.17531 -0.10976 0.38544 0.36451 -0.54028 0.34205 -0.04947 0.21159 -0.55256 0.16901
29.88755 26.89482 14.29328 5.71664 3.50349 6.57148 0.77883 2.52598 1.50502 -1.61312 0.17769 2.2155 0.10179 0.40247 -0.968 -0.79733 0.26016 0.9973 -0.02434 0.16018 -0.08455 0.04345 0.72786 -0.57916 0.34127 0.1155 0.30798 -0.42133 0.16443
50.96113 17.85031 14.27299 3.36349 2.57994 6.74324 -2.38053 2.42917 0.6078 -2.73322 0.92552 2.46173 0.46912 0.06901 -0.84027 -0.32019 0.42845 1.12213 -0.19209 0.58693 -0.20645 0.22452 0.43699 -0.83841 0.36643 0.21389 0.03006 -0.65812 0.09477
51.9262 31.0332 7.91678 3.59225 0.45683 8.83065 -3.26575 3.83396 -0.878 -2.42614 0.99708 2.15599 0.7939 -0.46014 -0.67698 0.07544 0.42058 1.129 0.07097 1.16829 -0.41964 0.05332 -0.0331 -0.82301 0.43817 0.1939 0.37418 -0.74102 0.13054
101.19671 17.80531 5.10088 7.16081 3.18398 6.76948 -2.50226 3.58656 -0.92416 -3.39164 0.91688 3.25585 0.82017 -0.45626 -0.32761 0.02713 -0.64263 1.21141 0.05873 0.96366 0.02079 -0.19242 -0.36991 -1.09865 0.05235 0.06064 0.74347 -0.82308 0.07256
87.87367 1.1528 14.10829 16.53609 1.30575 6.15345 -2.14232 5.08928 -1.43371 -3.00714 1.68994 3.11292 1.23415 -1.06197 0.48754 -0.11694 -0.54448 1.24099 0.19006 1.05551 0.42274 0.06395 -0.35196 -0.75883 -0.07559 0.00397 0.88699 -0.97199 0.14613
92.57469 4.60614 7.9654 15.49762 1.90383 6.77109 -3.86771 4.35916 -2.09694 -4.48096 1.09143 2.95425 0.18642 -0.35181 -0.049 0.16167 -0.8804 1.27282 0.35282 1.36532 0.08938 -0.73056 -0.31194 -1.24418 -0.06265 0.29017 0.89619 -0.8564 0.45245
74.9443 8.14487 10.29763 16.54216 4.22715 6.98041 -2.13928 4.70137 -0.03904 -2.84162 0.89104 1.25201 0.16814 0.09344 -0.3776 0.55114 -0.35071 1.05061 -0.02422 1.40595 -0.0463 -0.63947 -0.03833 -0.88742 -0.02402 0.51191 0.27868 -0.87916 0.23719
70.03373 4.9031 24.04965 13.2094 4.53373 2.30987 -1.0551 3.5932 0.03993 -3.56603 1.11731 1.6122 0.71791 0.27068 -0.40987 0.39619 -0.48316 0.45351 -0.11396 1.46775 -0.0818 -0.47009 -0.26604 -1.02809 -0.07573 0.60249 0.54607 -0.98678 0.3052
53.76876 2.00908 20.44413 15.64231 9.39885 0.17251 -0.65894 3.672 0.79776 -3.4134 0.63413 1.65399 0.6405 -0.43228 -0.42842 0.52117 -0.58791 0.11677 -0.66531 0.94316 0.25315 -0.03893 0.21253 -0.97839 -0.15746 0.37163 0.49852 -0.81036 0.18261
16.10182 7.05235 23.59445 16.36478 6.50763 0.53763 -1.89724 4.02059 -0.55541 -2.02085 0.2839 0.88379 0.91775 -0.41896 -0.03844 0.56626 -0.45759 0.41181 -0.723 1.07449 0.3209 0.2199 0.50228 -0.76462 0.03691 -0.03401 0.37983 -0.89162 0.20003
20.03534 5.05022 19.93456 18.14006 9.19332 2.90248 -2.56977 4.45389 -0.50732 -1.11603 0.56832 1.02572 0.91166 0.42057 -0.66872 0.52771 -0.40139 0.47388 -0.49475 1.29131 0.51363 0.32737 0.5575 -0.60983 -0.02999 0.06201 0.2834 -0.95473 0.13124
25.0539 1.22648 36.02514 13.72463 1.82642 4.37518 -2.17131 3.32017 0.56087 -1.80564 -0.49294 1.22219 0.57851 0.89508 -0.71573 0.17585 -0.02126 -0.01496 -0.4538 1.34571 -0.00053 0.272 0.2183 -0.78467 -0.04282 -0.07029 0.63499 -0.9087 -0.02595
20.61317 0.43361 41.71189 11.22108 4.18696 0.94573 -0.47397 3.77499 0.74018 -1.61189 -0.48482 0.97111 0.73853 0.71204 -0.26892 0.12699 0.56364 0.05298 -0.04489 1.71712 -0.36822 -0.4064 0.04348 -0.6761 0.07363 -0.141 0.87725 -1.00153 -0.27718
61.77314 16.85609 26.37506 15.1889 2.64304 -0.14083 -1.69098 3.35683 -1.20298 -1.0283 0.51024 0.84369 1.0434 1.09537 0.19613 -0.7871 -0.39604 1.82013 0.00939 2.44253 0.15547 -0.52211 -0.87406 -0.81365 0.35351 0.34881 1.05498 -1.16382 -0.40926
56.19284 11.08899 26.80177 11.22823 4.41964 -1.13152 -1.35602 3.25712 -1.03156 -0.22686 -0.04488 1.20737 1.09925 0.28297 -0.30986 -0.80555 -0.32413 1.97704 0.00979 2.12632 0.12997 -0.77884 -0.62339 -0.73521 0.01628 0.41598 0.85956 -1.05034 -0.37819
65.32725 24.38626 35.10279 8.31923 2.9989 0.07488 0.17792 1.71688 -2.47438 -0.59992 -0.07949 1.55873 1.35653 -0.04162 -0.36424 -0.95222 -0.04254 1.8458 0.22915 1.20348 -0.03907 0.15151 -0.81325 -0.70057 -0.10064 0.46165 0.94053 -1.17823 0.09643
78.29332 11.66816 34.1884 5.32855 4.82266 -0.84462 -0.29631 3.55489 -2.00612 -0.14335 -0.00898 1.10225 2.33506 -0.01764 -0.72624 -1.03929 -0.38742 1.30451 0.37937 1.20055 -0.05274 -0.16865 -0.90121 -0.73042 0.459 0.26203 0.70254 -1.06005 0.23653
91.03456 2.53204 21.63701 6.30598 4.21978 1.24199 0.1876 2.00029 -1.76507 1.59105 -0.23371 2.04705 1.29215 0.57079 -0.53671 -0.81705 -0.19392 1.46262 0.67121 1.20005 -0.62771 -0.09257 -0.76628 -0.37224 0.46686 -0.11865 0.52563 -0.57265 0.01027
56.78376 9.24598 23.99311 9.57728 2.37014 0.9037 -0.79379 2.18286 -2.54037 0.14436 -0.66748 2.06983 1.49976 -1.28358 0.20361 -0.92693 -0.90503 1.46955 -0.22785 1.14845 -0.32278 0.44658 -0.58451 -0.51347 0.55308 0.02315 0.33262 -0.20581 -0.25274
111.11888 0.31084 28.03522 8.53237 -0.88633 2.63309 -1.67594 0.48932 -1.31754 1.51766 -0.45648 2.42013 1.81955 -0.04951 -0.08738 -1.14782 -1.15479 1.8262 0.5243 1.55079 -0.84194 0.49677 -0.52857 0.03362 0.13569 -0.26492 0.70475 -0.54275 0.04027
110.7869 4.61289 31.07146 5.78501 3.728 0.4739 -0.70589 2.71479 -3.60893 0.83472 -0.44646 3.51716 0.72653 0.31165 0.14331 -1.15815 -0.91777 1.75231 0.0887 1.33245 0.07996 0.55654 -0.84026 -0.17808 0.54393 -0.04185 0.64951 -0.49683 -0.08742
66.25738 -4.55515 34.10765 18.73173 2.79199 5.50637 -3.07958 3.72733 -1.77399 -0.82913 0.20885 3.57672 1.06158 0.02211 0.03831 -0.12515 -1.03828 1.34717 -0.19033 1.8934 -0.22961 0.56414 -0.20171 -0.19272 0.20987 0.12244 1.18878 -1.11904 -0.1316
123.20813 -15.53392 33.5139 16.82417 5.63268 2.33527 -2.27135 3.16928 -1.98209 -1.24152 -0.2312 4.39894 0.38786 -0.10343 1.12755 -0.90395 -1.05651 2.08859 -0.97762 1.54533 0.00375 0.13911 -0.42132 -0.06706 0.43846 0.13023 0.83608 -1.08326 0.1524
138.11698 -0.88214 32.34682 12.55934 3.08811 5.83226 -3.10771 5.03365 -3.03985 -0.92082 -0.05537 4.08765 0.90127 -0.17197 0.68864 -1.11782 -1.27302 0.99198 -0.40025 1.33033 0.0433 -0.21291 -0.67681 -0.30906 0.97944 0.12241 1.42633 -1.00843 0.21496
114.24239 0.85679 21.1691 12.41648 2.84741 5.83805 -3.90918 3.34899 -3.5993 -0.78753 0.07513 3.80518 0.68865 0.1996 0.64746 -1.2639 -1.42771 1.78443 -0.49967 1.72611 -0.26278 -0.45895 -1.01046 -0.10711 0.90688 0.07322 1.14038 -1.01798 -0.07093
119.22585 15.2355 36.94405 12.80032 2.75157 4.03671 -6.5597 4.08281 -2.61391 -2.73156 0.79534 4.17797 1.43208 -1.38485 1.52413 -1.68025 -1.34615 1.44676 0.149 1.99379 -0.66384 -0.07856 -0.77589 -0.07456 0.80061 -0.00345 1.13807 -0.78665 -0.01824
120.18775 -2.47773 37.35285 18.66069 4.38806 6.21995 -6.47785 4.12021 -2.86556 -1.7472 0.46942 4.43261 1.95197 -0.41161 1.18852 -1.46473 -1.24717 1.28415 -0.31168 1.92081 -0.30927 -0.5833 -0.43439 -0.21013 0.68649 0.12368 1.10141 -0.91757 0.25906
109.6218 -2.11003 41.20438 12.89437 6.89584 5.49308 -6.72218 4.24949 -3.41302 -3.25212 0.2286 4.35939 1.81076 -0.90026 1.09116 -1.68476 -1.09749 1.64712 -0.86902 2.36768 -0.06051 -0.4541 -0.65231 -0.15974 0.69359 0.24173 1.35108 -1.21979 -0.02584
145.9818 -0.84813 36.35063 13.71712 7.01388 5.82559 -3.06539 3.76492 -3.99692 -2.8066 0.41011 3.9211 1.49113 -0.85599 1.71422 -1.66224 -0.97506 2.14178 -0.58907 2.30649 -0.45177 -0.39572 -0.59106 -0.45197 0.94471 0.24525 1.08205 -1.18791 -0.13123
112.87701 1.77717 33.49112 16.49384 11.26103 8.58875 -5.18694 2.75441 -1.48893 -3.70573 0.26355 2.6061 1.95232 -0.14658 0.79527 -1.64081 -1.74554 1.84656 -0.69269 2.1927 -0.61792 -0.24506 -0.18848 -0.53361 0.49382 -0.0377 1.22292 -1.11472 0.0929
83.18779 1.65978 21.6564 16.65189 11.25471 7.41599 -3.53697 2.98026 -4.10033 -3.21291 0.26954 2.92662 1.67634 0.09523 0.42996 -1.36788 -1.59569 1.86063 -0.70161 2.30903 -0.0121 -0.11905 -0.15202 -0.08074 0.75823 -0.16212 0.76202 -1.04024 -0.17247
150.766 12.70234 11.00581 18.86473 10.39815 7.44604 -3.31059 3.23056 -1.40747 -3.26621 -0.12956 2.64994 2.53484 0.1281 1.25912 -1.34973 -1.95844 1.65891 -0.89597 1.27554 -0.42132 -0.06471 -0.40195 -0.63337 0.32793 -0.08252 0.90323 -0.66028 0.13698
132.2955 10.3654 8.17251 25.03794 8.7083 10.56434 -2.95286 3.09868 -3.04317 -4.32572 -0.16919 2.76722 2.04674 -0.91901 -0.39046 -0.99525 -2.16016 1.69401 -0.6946 1.93078 -0.58577 -0.18186 0.38507 -0.82871 0.29106 -0.01106 0.30519 -0.81079 0.28754
124.40752 1.39099 7.39796 13.79046 9.40729 12.31404 -2.55432 4.45201 -1.5691 -3.91055 -0.93825 2.84755 2.09807 -0.99456 -0.22322 -1.36313 -2.65675 1.16094 -0.1145 1.79741 -0.78835 0.52943 0.06888 -0.84414 0.39131 0.24831 0.53093 -0.65629 0.0618
106.36749 3.87878 20.45931 23.92486 9.52951 11.23627 -4.02669 4.14268 -1.50323 -4.96638 -0.03381 3.43331 1.69014 -1.11937 -1.12684 -1.48921 -1.49435 2.16925 -0.56784 1.11479 -1.02817 -0.19019 0.30572 -1.09006 0.51878 0.24141 0.51178 -1.00929 0.36821
78.01233 19.05204 20.24219 17.19725 6.91641 11.46384 -1.52805 6.43482 -0.89858 -3.75746 -0.04957 5.85967 2.00026 -0.75929 -0.40032 -1.88348 -0.85984 1.65653 -1.28018 1.36316 -1.48259 0.02098 0.57226 -1.00105 0.66367 0.23665 0.24829 -0.75273 0.24304
115.00995 26.71978 20.99654 22.25502 6.59125 10.09657 -3.20378 2.12857 -1.00547 -3.18784 0.0408 3.78636 1.66129 -0.7988 -0.66891 -2.02742 -0.26307 1.29609 -0.8425 1.46759 -0.31105 -0.3308 0.44389 -0.67668 0.50463 -0.27257 0.64271 -0.60095 0.75424
115.42604 16.88025 20.0518 17.25522 3.51207 7.84932 -1.59858 2.05068 0.81744 -3.75363 -0.08045 4.5054 2.65508 -0.33498 0.22915 -2.85183 -0.99688 1.80163 -0.59877 2.1702 -0.9693 -0.17495 0.2682 -1.07673 0.96487 -0.09635 0.41794 -0.74594 0.64493
85.67447 13.71628 26.20921 19.30797 4.65783 7.43399 -0.16327 2.34025 0.70056 -3.69474 -0.455 3.50418 1.31569 -0.47153 -0.63342 -2.90223 -0.07853 2.24484 -0.34367 2.57621 -1.28773 -0.57568 -0.01017 -0.95129 0.85846 -0.81134 0.54027 -0.84034 -0.112
85.47584 26.57696 37.14445 14.62364 6.52966 8.06263 -1.55417 3.85436 -0.08027 -3.20545 -1.2603 1.94017 1.7258 0.06049 0.21709 -3.01489 -0.54981 2.17698 0.63008 2.12616 -0.5887 -0.18733 0.02952 -1.42087 0.96281 -0.51963 0.42619 -1.32814 0.32654
104.51206 36.46005 18.39506 15.50578 6.40562 7.15469 -1.44327 4.33868 0.38139 -4.45552 0.05582 2.49508 1.42355 -0.31976 0.39429 -2.86921 -1.12002 2.35247 0.10368 2.16557 0.1718 0.23792 0.20901 -1.44342 1.03918 -0.17467 0.5585 -1.05548 0.385
78.22825 35.58371 7.63561 20.17549 7.25779 6.41581 -1.24645 3.47946 -0.78354 -3.91025 -0.17701 2.96775 0.91807 0.0265 0.14973 -2.91431 -0.60297 2.0025 0.17265 1.93896 0.04416 0.41217 -0.01754 -1.35599 0.91657 -0.39626 0.49711 -0.88932 0.51969
70.82526 42.04152 8.44173 18.28238 7.56841 9.55665 -2.53235 3.20978 -0.4954 -5.22748 -0.48275 1.65821 1.47273 -0.10026 0.65906 -3.10891 -1.07842 2.52917 0.05876 2.07914 -0.3228 -0.10464 0.44164 -1.08081 0.56343 -0.45516 0.41525 -0.99829 0.45314
73.09511 29.22539 12.58763 17.50315 8.69341 8.19123 -2.52446 3.77873 0.6634 -5.97052 -0.66269 2.46054 1.32454 0.53046 -0.31144 -2.0499 -0.89108 2.14483 -0.53889 1.85136 -0.54882 0.17697 1.04041 -1.04562 0.78409 -0.77336 0.53504 -0.89141 0.26181
95.66255 32.63903 12.6134 13.10203 4.52352 7.53676 -0.11245 2.43591 1.49874 -4.72077 -2.11759 2.14215 1.55758 -0.35085 -0.13467 -2.70686 -0.87134 2.35763 0.16727 2.11465 -0.85975 0.22957 0.35328 -0.71381 0.51389 -0.58705 0.4504 -0.83414 0.28141
87.68907 31.74525 7.86471 11.82099 2.92559 7.29421 -2.26861 4.22896 -0.04655 -6.04504 -0.82938 2.31511 1.73497 -0.34809 0.63284 -2.28321 -0.9344 1.66199 -0.48531 1.71278 -0.60346 0.33667 0.39892 -0.70796 0.61378 -0.51197 0.63316 -0.49787 0.43621
81.78632 32.76179 9.91951 12.37101 5.26197 7.1637 -3.31634 2.40546 -0.53434 -4.29115 -1.07053 2.54022 1.07829 0.25307 -0.20156 -2.72898 -0.92351 1.5237 -0.00443 1.26272 -0.16515 0.02516 0.90168 -0.77514 0.31811 -0.22529 0.40263 -0.70805 0.69065
76.40775 26.18939 22.61985 13.5563 4.10883 11.1728 -1.832 2.75483 -0.48462 -4.92833 -0.8572 2.01218 1.88925 0.3006 -0.60229 -2.65843 -1.36527 1.99229 -0.05962 1.66126 -0.47144 -0.03264 0.79996 -0.83739 0.52759 -0.27141 0.31752 -0.68486 0.81517
88.00638 41.43416 18.31248 10.30753 4.03809 8.07359 -4.31916 1.78491 -0.98597 -3.72026 -0.45259 2.81691 1.93867 -0.3886 0.1405 -2.06806 -1.15218 1.50351 -0.41005 1.561 -0.29232 0.4861 0.70877 -0.65896 0.86299 -0.25596 0.09861 -0.84897 0.62594
100.40392 13.2904 18.37507 13.93682 6.54937 9.58596 -1.94855 1.6842 -2.85624 -2.71762 0.30962 2.94136 1.65882 0.06019 0.42908 -2.61573 -1.83328 1.63527 -0.15159 1.80115 -0.00265 -0.01702 0.65754 -0.52803 0.89486 -0.36589 0.35577 -0.65758 0.18705
115.05671 6.28179 12.79874 11.32781 10.31503 10.06084 -4.4864 2.6169 -2.61028 -2.61654 0.51839 3.83972 1.61903 -0.329 0.61535 -2.14927 -1.63441 1.77008 -0.38689 1.06586 -0.48174 0.34488 0.38114 -0.54581 0.60774 -0.10214 0.48066 -0.66798 0.17819
137.61365 -0.59033 15.96623 15.60618 5.44295 7.45501 -6.03286 2.99395 -1.42394 -1.99581 0.27345 2.98526 1.12362 -1.54808 0.78617 -1.34242 -2.19531 1.63868 -0.1777 1.70837 -0.7276 0.78719 -0.06384 -0.25151 0.44911 -0.50564 0.26184 -0.42815 0.23377
113.60751 11.59105 14.66683 17.84409 5.81009 6.5837 -4.83608 2.94809 -3.21537 -2.26022 0.66739 3.19432 1.19388 -0.81773 0.46844 -1.05267 -3.15439 1.19259 -0.366 1.86357 0.07109 0.65125 0.04822 -0.32927 0.45972 -0.30913 0.57164 -1.08985 0.22034
78.05173 0.33818 33.07854 16.21268 9.89523 5.72596 -4.21936 1.36094 -2.56217 -0.95367 -0.18685 2.51918 1.55665 -1.34562 0.89275 -0.77466 -2.32353 1.29937 -0.71362 1.91832 -0.11169 0.57095 -0.05832 0.04954 0.17922 -0.31787 0.82984 -0.62262 -0.25778
73.9017 -21.86952 35.21777 19.53809 7.54386 4.17808 -2.96522 1.88029 -2.15983 -0.92688 -0.68147 3.82909 0.90979 -0.27462 1.3085 -1.00546 -2.76264 1.74819 -1.176 2.12672 0.15284 0.72618 -0.08635 0.29551 0.26729 -0.3987 0.68783 -0.94798 -0.22571
70.96205 -24.8246 39.56696 22.39989 5.27711 10.27883 -4.61084 0.53045 -3.9362 -0.61975 -0.18886 2.7597 0.94598 0.16204 1.099 -1.47341 -2.54825 1.11693 -0.66271 2.12313 -0.63173 1.09717 -0.32487 -0.30023 0.68639 -0.3159 0.54947 -0.72464 -0.3417
93.41699 -2.92629 51.55717 16.10367 8.06562 7.37613 -2.8144 0.74336 -4.9497 0.84164 0.11859 3.93234 0.70988 -0.28384 1.16432 -1.68308 -2.2347 1.50882 -0.46566 1.83163 -0.33973 0.58795 -0.70733 -0.17521 0.62865 -0.18485 0.87407 -1.03717 -0.34976
102.3401 9.19231 40.13049 8.72355 7.15326 4.91993 -3.88054 0.9348 -5.15342 0.56974 -0.74902 4.64386 0.32525 -0.34974 1.2141 -2.22038 -2.02572 1.87826 -0.67189 1.65592 -0.10052 0.64596 -0.34254 0.35973 0.5073 -0.46839 1.0512 -1.02381 -0.21587
116.34051 7.42546 31.98988 12.1086 3.59803 5.45228 -3.82274 -0.46156 -4.12781 1.41286 -0.49929 3.76208 0.75794 -0.48571 1.06204 -1.3412 -2.52246 1.33209 -0.58573 1.09134 -0.34897 0.55578 -0.33924 0.33978 0.86035 -0.35804 0.86674 -0.97889 -0.35994
105.18927 -2.29846 33.5857 11.55596 6.20441 5.67627 -2.51275 1.15842 -3.7545 1.34093 -1.2341 4.05415 0.4918 -0.29184 1.95591 -2.02 -1.4653 1.96049 0.05527 0.88061 -1.00709 0.38693 -0.926 0.48278 0.87069 -0.37806 0.83059 -1.04916 -0.31812
89.4339 9.52228 34.31389 15.04032 6.41678 6.29983 -2.08634 0.9547 -2.49397 1.11843 -1.71561 5.56463 1.71967 -0.93164 0.39745 -0.34418 -0.97874 2.1098 -0.75703 -0.02779 -0.48214 1.31616 -0.66304 0.2108 0.46456 -0.29293 0.14023 -0.29249 -0.11252
76.40599 2.84672 25.72141 7.89692 0.98972 7.05584 -2.15147 0.38878 -2.06344 1.23805 -1.23703 3.65636 1.29196 -0.50782 -0.62598 -0.26483 -0.57398 1.63198 -1.60186 -0.07326 -0.11705 1.05292 0.14653 0.21633 0.60228 -0.32079 -0.0968 -0.26178 -0.20332
42.61578 -5.57307 24.43193 4.03202 -0.01064 3.58579 -2.47946 1.67321 -0.45821 1.39277 -0.58387 3.27109 0.33526 -0.27464 -0.4696 -0.41683 -0.63623 1.15073 -1.19938 -0.4595 0.37197 0.53053 -0.30997 0.30041 0.91351 -0.18433 -0.00927 -0.28562 -0.2277
46.33502 -2.68512 19.10505 3.54318 0.34842 3.56874 -1.80417 1.24136 -1.00097 0.02396 -1.50658 2.26701 1.37966 -1.16783 -0.05137 -0.49549 -0.58484 0.73509 -0.71158 -0.08376 -0.26281 0.16092 0.08551 0.38523 0.23893 -0.04722 0.15742 -0.06571 -0.27825
21.43436 0.89763 8.42525 2.89713 1.92536 2.25063 -1.05459 0.84386 -0.46791 -0.30564 -0.13556 0.63145 0.74755 -0.26228 -0.08786 -0.42925 -0.07353 0.28308 -0.11729 -0.06986 -0.28953 -0.08983 -0.02513 -0.12166 0.07382 -0.02229 0.03402 -0.22235 -0.12838
